{
    "acc":0.4761904762,
    "recall_macro":0.3479148181,
    "precision_macro":0.2929258242,
    "f1_macro":0.280276152,
    "precision_micro":0.4761904762,
    "recall_micro":0.4761904762,
    "f1_micro":0.4761904762
}