{
    "acc":0.5476190476,
    "recall_macro":0.2633096717,
    "precision_macro":0.2595588235,
    "f1_macro":0.2406559878,
    "precision_micro":0.5476190476,
    "recall_micro":0.5476190476,
    "f1_micro":0.5476190476
}