{
    "acc":0.5396825397,
    "recall_macro":0.342354333,
    "precision_macro":0.2992337893,
    "f1_macro":0.2971216069,
    "precision_micro":0.5396825397,
    "recall_micro":0.5396825397,
    "f1_micro":0.5396825397
}