{
    "acc":0.5079365079,
    "recall_macro":0.2481514345,
    "precision_macro":0.2540217391,
    "f1_macro":0.2389205976,
    "precision_micro":0.5079365079,
    "recall_micro":0.5079365079,
    "f1_micro":0.5079365079
}