{
    "acc":0.5476190476,
    "recall_macro":0.3022922212,
    "precision_macro":0.3575020113,
    "f1_macro":0.2805860806,
    "precision_micro":0.5476190476,
    "recall_micro":0.5476190476,
    "f1_micro":0.5476190476
}