{
    "acc":0.5476190476,
    "recall_macro":0.2618308193,
    "precision_macro":0.2601704233,
    "f1_macro":0.2339015152,
    "precision_micro":0.5476190476,
    "recall_micro":0.5476190476,
    "f1_micro":0.5476190476
}