{
    "acc":0.5396825397,
    "recall_macro":0.3408754806,
    "precision_macro":0.3166038154,
    "f1_macro":0.3115316985,
    "precision_micro":0.5396825397,
    "recall_micro":0.5396825397,
    "f1_micro":0.5396825397
}