{
    "acc":0.4920634921,
    "recall_macro":0.2409050577,
    "precision_macro":0.2474358974,
    "f1_macro":0.2337106918,
    "precision_micro":0.4920634921,
    "recall_micro":0.4920634921,
    "f1_micro":0.4920634921
}