{
    "acc":0.5396825397,
    "recall_macro":0.3104998521,
    "precision_macro":0.3465625,
    "f1_macro":0.3102477477,
    "precision_micro":0.5396825397,
    "recall_micro":0.5396825397,
    "f1_micro":0.5396825397
}