{
    "acc":0.5396825397,
    "recall_macro":0.2596864833,
    "precision_macro":0.2546428571,
    "f1_macro":0.2388419273,
    "precision_micro":0.5396825397,
    "recall_micro":0.5396825397,
    "f1_micro":0.5396825397
}