{
    "acc":0.5158730159,
    "recall_macro":0.2937148773,
    "precision_macro":0.2845238095,
    "f1_macro":0.2710902306,
    "precision_micro":0.5158730159,
    "recall_micro":0.5158730159,
    "f1_micro":0.5158730159
}