{
    "acc":0.5238095238,
    "recall_macro":0.2553978113,
    "precision_macro":0.2503061224,
    "f1_macro":0.238994983,
    "precision_micro":0.5238095238,
    "recall_micro":0.5238095238,
    "f1_micro":0.5238095238
}