{
    "acc":0.5238095238,
    "recall_macro":0.3062111801,
    "precision_macro":0.3711704962,
    "f1_macro":0.3161694251,
    "precision_micro":0.5238095238,
    "recall_micro":0.5238095238,
    "f1_micro":0.5238095238
}