{
    "acc":0.5396825397,
    "recall_macro":0.2582076309,
    "precision_macro":0.2626146789,
    "f1_macro":0.2300777874,
    "precision_micro":0.5396825397,
    "recall_micro":0.5396825397,
    "f1_micro":0.5396825397
}