{
    "acc":0.5238095238,
    "recall_macro":0.2958592133,
    "precision_macro":0.2851201086,
    "f1_macro":0.2673160173,
    "precision_micro":0.5238095238,
    "recall_micro":0.5238095238,
    "f1_micro":0.5238095238
}