{
    "acc":0.4761904762,
    "recall_macro":0.2277432712,
    "precision_macro":0.2145214521,
    "f1_macro":0.2058823529,
    "precision_micro":0.4761904762,
    "recall_micro":0.4761904762,
    "f1_micro":0.4761904762
}