{
    "acc":0.5476190476,
    "recall_macro":0.2603519669,
    "precision_macro":0.2948717949,
    "f1_macro":0.2365678006,
    "precision_micro":0.5476190476,
    "recall_micro":0.5476190476,
    "f1_micro":0.5476190476
}