{
    "acc":0.5158730159,
    "recall_macro":0.3255693582,
    "precision_macro":0.2939393939,
    "f1_macro":0.2917960663,
    "precision_micro":0.5158730159,
    "recall_micro":0.5158730159,
    "f1_micro":0.5158730159
}