{
    "acc":0.5714285714,
    "recall_macro":0.2697426797,
    "precision_macro":0.3076923077,
    "f1_macro":0.2291434928,
    "precision_micro":0.5714285714,
    "recall_micro":0.5714285714,
    "f1_micro":0.5714285714
}