{
    "acc":0.4920634921,
    "recall_macro":0.234989648,
    "precision_macro":0.2296052632,
    "f1_macro":0.2141924817,
    "precision_micro":0.4920634921,
    "recall_micro":0.4920634921,
    "f1_micro":0.4920634921
}