{
    "acc":0.4761904762,
    "recall_macro":0.3671398994,
    "precision_macro":0.3561776062,
    "f1_macro":0.3472652348,
    "precision_micro":0.4761904762,
    "recall_micro":0.4761904762,
    "f1_micro":0.4761904762
}