{
    "acc":0.4523809524,
    "recall_macro":0.3054569654,
    "precision_macro":0.2499084249,
    "f1_macro":0.2548894558,
    "precision_micro":0.4523809524,
    "recall_micro":0.4523809524,
    "f1_micro":0.4523809524
}