{
    "acc":0.5238095238,
    "recall_macro":0.3351079562,
    "precision_macro":0.2886798088,
    "f1_macro":0.2945906433,
    "precision_micro":0.5238095238,
    "recall_micro":0.5238095238,
    "f1_micro":0.5238095238
}