{
    "acc":0.5396825397,
    "recall_macro":0.2611653357,
    "precision_macro":0.264047619,
    "f1_macro":0.2430262046,
    "precision_micro":0.5396825397,
    "recall_micro":0.5396825397,
    "f1_micro":0.5396825397
}