{
    "acc":0.5238095238,
    "recall_macro":0.3321502514,
    "precision_macro":0.3193298969,
    "f1_macro":0.3053206615,
    "precision_micro":0.5238095238,
    "recall_micro":0.5238095238,
    "f1_micro":0.5238095238
}