{
    "acc":0.5,
    "recall_macro":0.2894262053,
    "precision_macro":0.2922077922,
    "f1_macro":0.2745892019,
    "precision_micro":0.5,
    "recall_micro":0.5,
    "f1_micro":0.5
}