{
    "acc":0.4682539683,
    "recall_macro":0.2182046732,
    "precision_macro":0.1984223301,
    "f1_macro":0.1873808616,
    "precision_micro":0.4682539683,
    "recall_micro":0.4682539683,
    "f1_micro":0.4682539683
}