{
    "acc":0.5,
    "recall_macro":0.3271960958,
    "precision_macro":0.2769306392,
    "f1_macro":0.2830977908,
    "precision_micro":0.5,
    "recall_micro":0.5,
    "f1_micro":0.5
}