{
    "acc":0.5476190476,
    "recall_macro":0.2514788524,
    "precision_macro":0.2620967742,
    "f1_macro":0.1859697247,
    "precision_micro":0.5476190476,
    "recall_micro":0.5476190476,
    "f1_micro":0.5476190476
}