{
    "acc":0.5317460317,
    "recall_macro":0.3313368826,
    "precision_macro":0.313587356,
    "f1_macro":0.2714285714,
    "precision_micro":0.5317460317,
    "recall_micro":0.5317460317,
    "f1_micro":0.5317460317
}