{
    "acc":0.5158730159,
    "recall_macro":0.3270482106,
    "precision_macro":0.3200757576,
    "f1_macro":0.3093683312,
    "precision_micro":0.5158730159,
    "recall_micro":0.5158730159,
    "f1_micro":0.5158730159
}