{
    "acc":0.4841269841,
    "recall_macro":0.3241200828,
    "precision_macro":0.30102657,
    "f1_macro":0.2906525661,
    "precision_micro":0.4841269841,
    "recall_micro":0.4841269841,
    "f1_micro":0.4841269841
}