{
    "acc":0.5793650794,
    "recall_macro":0.3589914227,
    "precision_macro":0.3518743258,
    "f1_macro":0.3262879952,
    "precision_micro":0.5793650794,
    "recall_micro":0.5793650794,
    "f1_micro":0.5793650794
}