{
    "acc":0.5158730159,
    "recall_macro":0.328527063,
    "precision_macro":0.3214655427,
    "f1_macro":0.310503992,
    "precision_micro":0.5158730159,
    "recall_micro":0.5158730159,
    "f1_micro":0.5158730159
}