{
    "acc":0.5317460317,
    "recall_macro":0.3791925466,
    "precision_macro":0.4231696196,
    "f1_macro":0.3649159664,
    "precision_micro":0.5317460317,
    "recall_micro":0.5317460317,
    "f1_micro":0.5317460317
}