{
    "acc":0.5634920635,
    "recall_macro":0.3517450458,
    "precision_macro":0.3397100153,
    "f1_macro":0.3193765878,
    "precision_micro":0.5634920635,
    "recall_micro":0.5634920635,
    "f1_micro":0.5634920635
}