{
    "acc":0.5158730159,
    "recall_macro":0.3314847678,
    "precision_macro":0.2871031746,
    "f1_macro":0.2936507937,
    "precision_micro":0.5158730159,
    "recall_micro":0.5158730159,
    "f1_micro":0.5158730159
}