{
    "acc":0.4841269841,
    "recall_macro":0.232845312,
    "precision_macro":0.249284897,
    "f1_macro":0.2234198027,
    "precision_micro":0.4841269841,
    "recall_micro":0.4841269841,
    "f1_micro":0.4841269841
}