{
    "acc":0.4841269841,
    "recall_macro":0.2298876072,
    "precision_macro":0.2191876751,
    "f1_macro":0.2035005225,
    "precision_micro":0.4841269841,
    "recall_micro":0.4841269841,
    "f1_micro":0.4841269841
}