{
    "acc":0.5,
    "recall_macro":0.2909050577,
    "precision_macro":0.2808245645,
    "f1_macro":0.2754274928,
    "precision_micro":0.5,
    "recall_micro":0.5,
    "f1_micro":0.5
}