{
    "acc":0.5396825397,
    "recall_macro":0.3887311446,
    "precision_macro":0.4588394062,
    "f1_macro":0.4035162602,
    "precision_micro":0.5396825397,
    "recall_micro":0.5396825397,
    "f1_micro":0.5396825397
}