{
    "acc":0.5,
    "recall_macro":0.3706152026,
    "precision_macro":0.3278280543,
    "f1_macro":0.3241325341,
    "precision_micro":0.5,
    "recall_micro":0.5,
    "f1_micro":0.5
}