{
    "acc":0.5158730159,
    "recall_macro":0.2532534753,
    "precision_macro":0.2563420622,
    "f1_macro":0.2425766871,
    "precision_micro":0.5158730159,
    "recall_micro":0.5158730159,
    "f1_micro":0.5158730159
}