{
    "acc":0.5555555556,
    "recall_macro":0.3525584147,
    "precision_macro":0.3112519201,
    "f1_macro":0.3095061728,
    "precision_micro":0.5555555556,
    "recall_micro":0.5555555556,
    "f1_micro":0.5555555556
}