{
    "acc":0.4761904762,
    "recall_macro":0.2247855664,
    "precision_macro":0.2110294118,
    "f1_macro":0.2006006814,
    "precision_micro":0.4761904762,
    "recall_micro":0.4761904762,
    "f1_micro":0.4761904762
}