{
    "acc":0.5476190476,
    "recall_macro":0.2559154096,
    "precision_macro":0.2650862069,
    "f1_macro":0.210763395,
    "precision_micro":0.5476190476,
    "recall_micro":0.5476190476,
    "f1_micro":0.5476190476
}