{
    "acc":0.5,
    "recall_macro":0.2356551316,
    "precision_macro":0.2355769231,
    "f1_macro":0.2079526384,
    "precision_micro":0.5,
    "recall_micro":0.5,
    "f1_micro":0.5
}