{
    "acc":0.5396825397,
    "recall_macro":0.3408754806,
    "precision_macro":0.3181028687,
    "f1_macro":0.3125597629,
    "precision_micro":0.5396825397,
    "recall_micro":0.5396825397,
    "f1_micro":0.5396825397
}