{
    "acc":0.5634920635,
    "recall_macro":0.3184117125,
    "precision_macro":0.3375,
    "f1_macro":0.3055341166,
    "precision_micro":0.5634920635,
    "recall_micro":0.5634920635,
    "f1_micro":0.5634920635
}