{
    "acc":0.5,
    "recall_macro":0.2400916888,
    "precision_macro":0.2694719472,
    "f1_macro":0.2242647059,
    "precision_micro":0.5,
    "recall_micro":0.5,
    "f1_micro":0.5
}