{
    "acc":0.5555555556,
    "recall_macro":0.3496007098,
    "precision_macro":0.3135416667,
    "f1_macro":0.2939292591,
    "precision_micro":0.5555555556,
    "recall_micro":0.5555555556,
    "f1_micro":0.5555555556
}