{
    "acc":0.5317460317,
    "recall_macro":0.2560632949,
    "precision_macro":0.238602786,
    "f1_macro":0.2311046512,
    "precision_micro":0.5317460317,
    "recall_micro":0.5317460317,
    "f1_micro":0.5317460317
}