{
    "acc":0.4761904762,
    "recall_macro":0.3089322686,
    "precision_macro":0.2814716312,
    "f1_macro":0.2826648098,
    "precision_micro":0.4761904762,
    "recall_micro":0.4761904762,
    "f1_micro":0.4761904762
}