{
    "acc":0.5079365079,
    "recall_macro":0.2437148773,
    "precision_macro":0.2705882353,
    "f1_macro":0.2262426901,
    "precision_micro":0.5079365079,
    "recall_micro":0.5079365079,
    "f1_micro":0.5079365079
}