{
    "acc":0.5555555556,
    "recall_macro":0.2728482697,
    "precision_macro":0.2823934567,
    "f1_macro":0.2579248366,
    "precision_micro":0.5555555556,
    "recall_micro":0.5555555556,
    "f1_micro":0.5555555556
}