{
    "acc":0.5317460317,
    "recall_macro":0.3298580302,
    "precision_macro":0.2830586081,
    "f1_macro":0.2711654925,
    "precision_micro":0.5317460317,
    "recall_micro":0.5317460317,
    "f1_micro":0.5317460317
}