{
    "acc":0.5158730159,
    "recall_macro":0.3300059154,
    "precision_macro":0.2897708674,
    "f1_macro":0.2948108384,
    "precision_micro":0.5158730159,
    "recall_micro":0.5158730159,
    "f1_micro":0.5158730159
}