{
    "acc":0.5396825397,
    "recall_macro":0.3887311446,
    "precision_macro":0.3672360248,
    "f1_macro":0.3602915804,
    "precision_micro":0.5396825397,
    "recall_micro":0.5396825397,
    "f1_micro":0.5396825397
}