{
    "acc":0.4920634921,
    "recall_macro":0.3235729074,
    "precision_macro":0.2721442957,
    "f1_macro":0.2748590226,
    "precision_micro":0.4920634921,
    "recall_micro":0.4920634921,
    "f1_micro":0.4920634921
}