{
    "acc":0.5238095238,
    "recall_macro":0.3277136942,
    "precision_macro":0.2883578431,
    "f1_macro":0.281168466,
    "precision_micro":0.5238095238,
    "recall_micro":0.5238095238,
    "f1_micro":0.5238095238
}