{
    "acc":0.5634920635,
    "recall_macro":0.3547027507,
    "precision_macro":0.395,
    "f1_macro":0.353789414,
    "precision_micro":0.5634920635,
    "recall_micro":0.5634920635,
    "f1_micro":0.5634920635
}