{
    "acc":0.5555555556,
    "recall_macro":0.2669328601,
    "precision_macro":0.2805332569,
    "f1_macro":0.2405790838,
    "precision_micro":0.5555555556,
    "recall_micro":0.5555555556,
    "f1_micro":0.5555555556
}