{
    "acc":0.5238095238,
    "recall_macro":0.3351079562,
    "precision_macro":0.2970131422,
    "f1_macro":0.3015350877,
    "precision_micro":0.5238095238,
    "recall_micro":0.5238095238,
    "f1_micro":0.5238095238
}