{
    "acc":0.5396825397,
    "recall_macro":0.3438331854,
    "precision_macro":0.309516129,
    "f1_macro":0.3063897231,
    "precision_micro":0.5396825397,
    "recall_micro":0.5396825397,
    "f1_micro":0.5396825397
}