{
    "acc":0.4682539683,
    "recall_macro":0.3067879326,
    "precision_macro":0.2546973056,
    "f1_macro":0.2488132911,
    "precision_micro":0.4682539683,
    "recall_micro":0.4682539683,
    "f1_micro":0.4682539683
}