{
    "acc":0.5396825397,
    "recall_macro":0.2508133688,
    "precision_macro":0.2448547215,
    "f1_macro":0.2005825057,
    "precision_micro":0.5396825397,
    "recall_micro":0.5396825397,
    "f1_micro":0.5396825397
}