{
    "acc":0.5238095238,
    "recall_macro":0.3365868086,
    "precision_macro":0.2922222222,
    "f1_macro":0.2862092862,
    "precision_micro":0.5238095238,
    "recall_micro":0.5238095238,
    "f1_micro":0.5238095238
}