{
    "acc":0.4841269841,
    "recall_macro":0.2777432712,
    "precision_macro":0.2769736842,
    "f1_macro":0.2623100035,
    "precision_micro":0.4841269841,
    "recall_micro":0.4841269841,
    "f1_micro":0.4841269841
}