{
    "acc":0.5079365079,
    "recall_macro":0.3727595386,
    "precision_macro":0.3347037794,
    "f1_macro":0.3234410357,
    "precision_micro":0.5079365079,
    "recall_micro":0.5079365079,
    "f1_micro":0.5079365079
}