{
    "acc":0.4523809524,
    "recall_macro":0.26472937,
    "precision_macro":0.258765653,
    "f1_macro":0.2405875019,
    "precision_micro":0.4523809524,
    "recall_micro":0.4523809524,
    "f1_micro":0.4523809524
}