{
    "acc":0.5317460317,
    "recall_macro":0.3053978113,
    "precision_macro":0.3020458265,
    "f1_macro":0.2920449898,
    "precision_micro":0.5317460317,
    "recall_micro":0.5317460317,
    "f1_micro":0.5317460317
}