{
    "acc":0.4761904762,
    "recall_macro":0.2696835256,
    "precision_macro":0.2547283575,
    "f1_macro":0.2394773159,
    "precision_micro":0.4761904762,
    "recall_micro":0.4761904762,
    "f1_micro":0.4761904762
}