{
    "acc":0.5317460317,
    "recall_macro":0.3821502514,
    "precision_macro":0.3471504559,
    "f1_macro":0.3411631991,
    "precision_micro":0.5317460317,
    "recall_micro":0.5317460317,
    "f1_micro":0.5317460317
}