{
    "acc":0.5,
    "recall_macro":0.2445282461,
    "precision_macro":0.2513043478,
    "f1_macro":0.2358150076,
    "precision_micro":0.5,
    "recall_micro":0.5,
    "f1_micro":0.5
}