{
    "acc":0.4841269841,
    "recall_macro":0.2777432712,
    "precision_macro":0.2657646048,
    "f1_macro":0.2558177374,
    "precision_micro":0.4841269841,
    "recall_micro":0.4841269841,
    "f1_micro":0.4841269841
}