{
    "acc":0.5317460317,
    "recall_macro":0.3024401065,
    "precision_macro":0.3358843537,
    "f1_macro":0.2974443969,
    "precision_micro":0.5317460317,
    "recall_micro":0.5317460317,
    "f1_micro":0.5317460317
}