{
    "acc":0.5238095238,
    "recall_macro":0.3277136942,
    "precision_macro":0.2939391776,
    "f1_macro":0.2883947448,
    "precision_micro":0.5238095238,
    "recall_micro":0.5238095238,
    "f1_micro":0.5238095238
}