{
    "acc":0.5317460317,
    "recall_macro":0.3372522922,
    "precision_macro":0.3125,
    "f1_macro":0.3096186918,
    "precision_micro":0.5317460317,
    "recall_micro":0.5317460317,
    "f1_micro":0.5317460317
}