{
    "acc":0.5238095238,
    "recall_macro":0.3726116534,
    "precision_macro":0.5591931217,
    "f1_macro":0.373015873,
    "precision_micro":0.5238095238,
    "recall_micro":0.5238095238,
    "f1_micro":0.5238095238
}