{
    "acc":0.5079365079,
    "recall_macro":0.3712806862,
    "precision_macro":0.3369949495,
    "f1_macro":0.3348088531,
    "precision_micro":0.5079365079,
    "recall_micro":0.5079365079,
    "f1_micro":0.5079365079
}