{
    "acc":0.5476190476,
    "recall_macro":0.3459775214,
    "precision_macro":0.3209375,
    "f1_macro":0.3184801685,
    "precision_micro":0.5476190476,
    "recall_micro":0.5476190476,
    "f1_micro":0.5476190476
}