{
    "acc":0.5317460317,
    "recall_macro":0.3372522922,
    "precision_macro":0.3333333333,
    "f1_macro":0.3215234537,
    "precision_micro":0.5317460317,
    "recall_micro":0.5317460317,
    "f1_micro":0.5317460317
}