{
    "acc":0.5396825397,
    "recall_macro":0.2552499261,
    "precision_macro":0.2633928571,
    "f1_macro":0.2204510461,
    "precision_micro":0.5396825397,
    "recall_micro":0.5396825397,
    "f1_micro":0.5396825397
}