{
    "acc":0.5317460317,
    "recall_macro":0.2501478852,
    "precision_macro":0.2633928571,
    "f1_macro":0.2136435996,
    "precision_micro":0.5317460317,
    "recall_micro":0.5317460317,
    "f1_micro":0.5317460317
}