{
    "acc":0.5,
    "recall_macro":0.3198018338,
    "precision_macro":0.263848159,
    "f1_macro":0.2646713615,
    "precision_micro":0.5,
    "recall_micro":0.5,
    "f1_micro":0.5
}