{
    "acc":0.5238095238,
    "recall_macro":0.2524401065,
    "precision_macro":0.2441620879,
    "f1_macro":0.2290255987,
    "precision_micro":0.5238095238,
    "recall_micro":0.5238095238,
    "f1_micro":0.5238095238
}