{
    "acc":0.5634920635,
    "recall_macro":0.3981218574,
    "precision_macro":0.4044428081,
    "f1_macro":0.3741394148,
    "precision_micro":0.5634920635,
    "recall_micro":0.5634920635,
    "f1_micro":0.5634920635
}