{
    "acc":0.5555555556,
    "recall_macro":0.2654540077,
    "precision_macro":0.2598488937,
    "f1_macro":0.234763364,
    "precision_micro":0.5555555556,
    "recall_micro":0.5555555556,
    "f1_micro":0.5555555556
}