{
    "acc":0.5079365079,
    "recall_macro":0.3379473529,
    "precision_macro":0.3002717391,
    "f1_macro":0.3031631858,
    "precision_micro":0.5079365079,
    "recall_micro":0.5079365079,
    "f1_micro":0.5079365079
}