{
    "acc":0.4444444444,
    "recall_macro":0.2685004437,
    "precision_macro":0.2736185383,
    "f1_macro":0.2676034149,
    "precision_micro":0.4444444444,
    "recall_micro":0.4444444444,
    "f1_micro":0.4444444444
}