{
    "acc":0.4682539683,
    "recall_macro":0.2315143449,
    "precision_macro":0.232569155,
    "f1_macro":0.2237980769,
    "precision_micro":0.4682539683,
    "recall_micro":0.4682539683,
    "f1_micro":0.4682539683
}