{
    "acc":0.5238095238,
    "recall_macro":0.3351079562,
    "precision_macro":0.299386252,
    "f1_macro":0.3014775051,
    "precision_micro":0.5238095238,
    "recall_micro":0.5238095238,
    "f1_micro":0.5238095238
}