{
    "acc":0.4920634921,
    "recall_macro":0.2423839101,
    "precision_macro":0.2475922953,
    "f1_macro":0.236149926,
    "precision_micro":0.4920634921,
    "recall_micro":0.4920634921,
    "f1_micro":0.4920634921
}