{
    "acc":0.5079365079,
    "recall_macro":0.2407571724,
    "precision_macro":0.2342592593,
    "f1_macro":0.2107168079,
    "precision_micro":0.5079365079,
    "recall_micro":0.5079365079,
    "f1_micro":0.5079365079
}