{
    "acc":0.4920634921,
    "recall_macro":0.2379473529,
    "precision_macro":0.2374768089,
    "f1_macro":0.2220629164,
    "precision_micro":0.4920634921,
    "recall_micro":0.4920634921,
    "f1_micro":0.4920634921
}