{
    "acc":0.5476190476,
    "recall_macro":0.3430198166,
    "precision_macro":0.3156824611,
    "f1_macro":0.3092436975,
    "precision_micro":0.5476190476,
    "recall_micro":0.5476190476,
    "f1_micro":0.5476190476
}