{
    "acc":0.5079365079,
    "recall_macro":0.3249038746,
    "precision_macro":0.2723429952,
    "f1_macro":0.27186853,
    "precision_micro":0.5079365079,
    "recall_micro":0.5079365079,
    "f1_micro":0.5079365079
}