{
    "acc":0.5317460317,
    "recall_macro":0.340209997,
    "precision_macro":0.2907127595,
    "f1_macro":0.2931519139,
    "precision_micro":0.5317460317,
    "recall_micro":0.5317460317,
    "f1_micro":0.5317460317
}