{
    "acc":0.4920634921,
    "recall_macro":0.2872818693,
    "precision_macro":0.3157211717,
    "f1_macro":0.2915064103,
    "precision_micro":0.4920634921,
    "recall_micro":0.4920634921,
    "f1_micro":0.4920634921
}