{
    "acc":0.4682539683,
    "recall_macro":0.2675391896,
    "precision_macro":0.2824312715,
    "f1_macro":0.2542566098,
    "precision_micro":0.4682539683,
    "recall_micro":0.4682539683,
    "f1_micro":0.4682539683
}