{
    "acc":0.4841269841,
    "recall_macro":0.3110766046,
    "precision_macro":0.2780606407,
    "f1_macro":0.2816250484,
    "precision_micro":0.4841269841,
    "recall_micro":0.4841269841,
    "f1_micro":0.4841269841
}