{
    "acc":0.5238095238,
    "recall_macro":0.3262348418,
    "precision_macro":0.3128059635,
    "f1_macro":0.2934704185,
    "precision_micro":0.5238095238,
    "recall_micro":0.5238095238,
    "f1_micro":0.5238095238
}