{
    "acc":0.5079365079,
    "recall_macro":0.3322981366,
    "precision_macro":0.2934835271,
    "f1_macro":0.3000398248,
    "precision_micro":0.5079365079,
    "recall_micro":0.5079365079,
    "f1_micro":0.5079365079
}