{
    "acc":0.5317460317,
    "recall_macro":0.3357734398,
    "precision_macro":0.3325132771,
    "f1_macro":0.318400362,
    "precision_micro":0.5317460317,
    "recall_micro":0.5317460317,
    "f1_micro":0.5317460317
}