{
    "acc":0.5555555556,
    "recall_macro":0.2698905649,
    "precision_macro":0.2755602241,
    "f1_macro":0.2510860485,
    "precision_micro":0.5555555556,
    "recall_micro":0.5555555556,
    "f1_micro":0.5555555556
}