{
    "acc":0.5317460317,
    "recall_macro":0.332815735,
    "precision_macro":0.3281014329,
    "f1_macro":0.3068838676,
    "precision_micro":0.5317460317,
    "recall_micro":0.5317460317,
    "f1_micro":0.5317460317
}