{
    "acc":0.3968253968,
    "recall_macro":0.288967761,
    "precision_macro":0.2440064135,
    "f1_macro":0.2380059524,
    "precision_micro":0.3968253968,
    "recall_micro":0.3968253968,
    "f1_micro":0.3968253968
}