{
    "acc":0.4761904762,
    "recall_macro":0.2292221236,
    "precision_macro":0.2306940371,
    "f1_macro":0.2168318553,
    "precision_micro":0.4761904762,
    "recall_micro":0.4761904762,
    "f1_micro":0.4761904762
}