{
    "acc":0.5476190476,
    "recall_macro":0.2544365572,
    "precision_macro":0.2947368421,
    "f1_macro":0.2081056466,
    "precision_micro":0.5476190476,
    "recall_micro":0.5476190476,
    "f1_micro":0.5476190476
}