{
    "acc":0.5,
    "recall_macro":0.3617420881,
    "precision_macro":0.3075243414,
    "f1_macro":0.2908271365,
    "precision_micro":0.5,
    "recall_micro":0.5,
    "f1_micro":0.5
}