{
    "acc":0.5317460317,
    "recall_macro":0.2531055901,
    "precision_macro":0.2637254902,
    "f1_macro":0.2301260965,
    "precision_micro":0.5317460317,
    "recall_micro":0.5317460317,
    "f1_micro":0.5317460317
}