loss: 0.4335 - acc: 0.8000 - mean_squared_error: 0.1398 - mean_absolute_error: 0.2772 - val_loss: 0.4504 - val_acc: 0.7915 - val_mean_squared_error: 0.1460 - val_mean_absolute_error: 0.2886


{
    "acc":0.7905870777,
    "recall_macro":0.7909981479,
    "precision_macro":0.7921920102,
    "f1_macro":0.7904373459,
    "precision_micro":0.7905870777,
    "recall_micro":0.7905870777,
    "f1_micro":0.7905870777
}