{
    "acc":0.7825516563,
    "recall_macro":0.7822707176,
    "precision_macro":0.7831032905,
    "f1_macro":0.7823080279,
    "precision_micro":0.7825516563,
    "recall_micro":0.7825516563,
    "f1_micro":0.7825516563
}