{
    "acc":0.5,
    "recall_macro":0.2879473529,
    "precision_macro":0.2744949495,
    "f1_macro":0.2633802817,
    "precision_micro":0.5,
    "recall_micro":0.5,
    "f1_micro":0.5
}