{
    "acc":0.5476190476,
    "recall_macro":0.2677462289,
    "precision_macro":0.2734375,
    "f1_macro":0.2549190535,
    "precision_micro":0.5476190476,
    "recall_micro":0.5476190476,
    "f1_micro":0.5476190476
}