{
    "acc":0.4920634921,
    "recall_macro":0.3161786454,
    "precision_macro":0.2704635489,
    "f1_macro":0.258118062,
    "precision_micro":0.4920634921,
    "recall_micro":0.4920634921,
    "f1_micro":0.4920634921
}