{
    "acc":0.5555555556,
    "recall_macro":0.3959775214,
    "precision_macro":0.4328457447,
    "f1_macro":0.3771732185,
    "precision_micro":0.5555555556,
    "recall_micro":0.5555555556,
    "f1_micro":0.5555555556
}