{
    "acc":0.4603174603,
    "recall_macro":0.219018042,
    "precision_macro":0.2280202404,
    "f1_macro":0.2059483726,
    "precision_micro":0.4603174603,
    "recall_micro":0.4603174603,
    "f1_micro":0.4603174603
}