{
    "acc":0.5555555556,
    "recall_macro":0.3451641526,
    "precision_macro":0.3462184874,
    "f1_macro":0.3192267503,
    "precision_micro":0.5555555556,
    "recall_micro":0.5555555556,
    "f1_micro":0.5555555556
}