{
    "acc":0.4761904762,
    "recall_macro":0.2277432712,
    "precision_macro":0.2213541667,
    "f1_macro":0.2106060606,
    "precision_micro":0.4761904762,
    "recall_micro":0.4761904762,
    "f1_micro":0.4761904762
}