{
    "acc":0.4920634921,
    "recall_macro":0.234989648,
    "precision_macro":0.2390797903,
    "f1_macro":0.2147950089,
    "precision_micro":0.4920634921,
    "recall_micro":0.4920634921,
    "f1_micro":0.4920634921
}