{
    "acc":0.4841269841,
    "recall_macro":0.3095977521,
    "precision_macro":0.2790898618,
    "f1_macro":0.280952381,
    "precision_micro":0.4841269841,
    "recall_micro":0.4841269841,
    "f1_micro":0.4841269841
}