{
    "acc":0.5079365079,
    "recall_macro":0.2422360248,
    "precision_macro":0.2355717368,
    "f1_macro":0.2179364804,
    "precision_micro":0.5079365079,
    "recall_micro":0.5079365079,
    "f1_micro":0.5079365079
}