{
    "acc":0.4920634921,
    "recall_macro":0.234989648,
    "precision_macro":0.2501618123,
    "f1_macro":0.2145712209,
    "precision_micro":0.4920634921,
    "recall_micro":0.4920634921,
    "f1_micro":0.4920634921
}