{
    "acc":0.4761904762,
    "recall_macro":0.2321798285,
    "precision_macro":0.2282523511,
    "f1_macro":0.2233382329,
    "precision_micro":0.4761904762,
    "recall_micro":0.4761904762,
    "f1_micro":0.4761904762
}