{
    "acc":0.4523809524,
    "recall_macro":0.3792517007,
    "precision_macro":0.2614939024,
    "f1_macro":0.2657602706,
    "precision_micro":0.4523809524,
    "recall_micro":0.4523809524,
    "f1_micro":0.4523809524
}