{
    "acc":0.4841269841,
    "recall_macro":0.2284087548,
    "precision_macro":0.2278995757,
    "f1_macro":0.204388422,
    "precision_micro":0.4841269841,
    "recall_micro":0.4841269841,
    "f1_micro":0.4841269841
}