{
    "acc":0.5079365079,
    "recall_macro":0.23927832,
    "precision_macro":0.2224842767,
    "f1_macro":0.2076339286,
    "precision_micro":0.5079365079,
    "recall_micro":0.5079365079,
    "f1_micro":0.5079365079
}