{
    "acc":0.5555555556,
    "recall_macro":0.3481218574,
    "precision_macro":0.330537518,
    "f1_macro":0.318452381,
    "precision_micro":0.5555555556,
    "recall_micro":0.5555555556,
    "f1_micro":0.5555555556
}