{
    "acc":0.5396825397,
    "recall_macro":0.3090209997,
    "precision_macro":0.3140350877,
    "f1_macro":0.2936510415,
    "precision_micro":0.5396825397,
    "recall_micro":0.5396825397,
    "f1_micro":0.5396825397
}