{
    "acc":0.5238095238,
    "recall_macro":0.3032534753,
    "precision_macro":0.2972027972,
    "f1_macro":0.2872513474,
    "precision_micro":0.5238095238,
    "recall_micro":0.5238095238,
    "f1_micro":0.5238095238
}