{
    "acc":0.5476190476,
    "recall_macro":0.2514788524,
    "precision_macro":0.2215447154,
    "f1_macro":0.1866987179,
    "precision_micro":0.5476190476,
    "recall_micro":0.5476190476,
    "f1_micro":0.5476190476
}