{
    "acc":0.4841269841,
    "recall_macro":0.3095977521,
    "precision_macro":0.2612390351,
    "f1_macro":0.2633095663,
    "precision_micro":0.4841269841,
    "recall_micro":0.4841269841,
    "f1_micro":0.4841269841
}