{
    "acc":0.5158730159,
    "recall_macro":0.2473380657,
    "precision_macro":0.2607142857,
    "f1_macro":0.225331565,
    "precision_micro":0.5158730159,
    "recall_micro":0.5158730159,
    "f1_micro":0.5158730159
}