{
    "acc":0.5476190476,
    "recall_macro":0.3893966282,
    "precision_macro":0.3674904885,
    "f1_macro":0.3393841099,
    "precision_micro":0.5476190476,
    "recall_micro":0.5476190476,
    "f1_micro":0.5476190476
}