{
    "acc":0.5555555556,
    "recall_macro":0.3525584147,
    "precision_macro":0.3526398739,
    "f1_macro":0.3406387902,
    "precision_micro":0.5555555556,
    "recall_micro":0.5555555556,
    "f1_micro":0.5555555556
}