{
    "acc":0.4285714286,
    "recall_macro":0.3683821355,
    "precision_macro":0.2507215007,
    "f1_macro":0.2540898479,
    "precision_micro":0.4285714286,
    "recall_micro":0.4285714286,
    "f1_micro":0.4285714286
}