{
    "acc":0.5317460317,
    "recall_macro":0.3851079562,
    "precision_macro":0.3582142857,
    "f1_macro":0.3496912006,
    "precision_micro":0.5317460317,
    "recall_micro":0.5317460317,
    "f1_micro":0.5317460317
}