{
    "acc":0.5238095238,
    "recall_macro":0.3291925466,
    "precision_macro":0.3009003601,
    "f1_macro":0.2891829976,
    "precision_micro":0.5238095238,
    "recall_micro":0.5238095238,
    "f1_micro":0.5238095238
}