{
    "acc":0.5476190476,
    "recall_macro":0.3037710736,
    "precision_macro":0.5042613636,
    "f1_macro":0.2990331492,
    "precision_micro":0.5476190476,
    "recall_micro":0.5476190476,
    "f1_micro":0.5476190476
}