{
    "acc":0.5317460317,
    "recall_macro":0.2471901804,
    "precision_macro":0.2212643678,
    "f1_macro":0.1988350419,
    "precision_micro":0.5317460317,
    "recall_micro":0.5317460317,
    "f1_micro":0.5317460317
}