{
    "acc":0.5238095238,
    "recall_macro":0.2988169181,
    "precision_macro":0.3050441826,
    "f1_macro":0.2775055446,
    "precision_micro":0.5238095238,
    "recall_micro":0.5238095238,
    "f1_micro":0.5238095238
}