{
    "acc":0.4920634921,
    "recall_macro":0.3161786454,
    "precision_macro":0.26464421,
    "f1_macro":0.2669440888,
    "precision_micro":0.4920634921,
    "recall_micro":0.4920634921,
    "f1_micro":0.4920634921
}