{
    "acc":0.5714285714,
    "recall_macro":0.2653061224,
    "precision_macro":0.2925619835,
    "f1_macro":0.2093567251,
    "precision_micro":0.5714285714,
    "recall_micro":0.5714285714,
    "f1_micro":0.5714285714
}