{
    "acc":0.5079365079,
    "recall_macro":0.2422360248,
    "precision_macro":0.2386554622,
    "f1_macro":0.2168234065,
    "precision_micro":0.5079365079,
    "recall_micro":0.5079365079,
    "f1_micro":0.5079365079
}