{
    "acc":0.5555555556,
    "recall_macro":0.2639751553,
    "precision_macro":0.2739959156,
    "f1_macro":0.229528536,
    "precision_micro":0.5555555556,
    "recall_micro":0.5555555556,
    "f1_micro":0.5555555556
}