{
    "acc":0.5396825397,
    "recall_macro":0.2611653357,
    "precision_macro":0.2700892857,
    "f1_macro":0.2471861472,
    "precision_micro":0.5396825397,
    "recall_micro":0.5396825397,
    "f1_micro":0.5396825397
}