{
    "acc":0.4920634921,
    "recall_macro":0.3714285714,
    "precision_macro":0.3633445946,
    "f1_macro":0.3538133205,
    "precision_micro":0.4920634921,
    "recall_micro":0.4920634921,
    "f1_micro":0.4920634921
}