{
    "acc":0.5317460317,
    "recall_macro":0.2531055901,
    "precision_macro":0.2361111111,
    "f1_macro":0.2217303314,
    "precision_micro":0.5317460317,
    "recall_micro":0.5317460317,
    "f1_micro":0.5317460317
}