{
    "acc":0.5396825397,
    "recall_macro":0.2596864833,
    "precision_macro":0.2529761905,
    "f1_macro":0.2347576212,
    "precision_micro":0.5396825397,
    "recall_micro":0.5396825397,
    "f1_micro":0.5396825397
}