{
    "acc":0.4682539683,
    "recall_macro":0.221162378,
    "precision_macro":0.2045973729,
    "f1_macro":0.1948555321,
    "precision_micro":0.4682539683,
    "recall_micro":0.4682539683,
    "f1_micro":0.4682539683
}