{
    "acc":0.5238095238,
    "recall_macro":0.2943803608,
    "precision_macro":0.2953431373,
    "f1_macro":0.2735247209,
    "precision_micro":0.5238095238,
    "recall_micro":0.5238095238,
    "f1_micro":0.5238095238
}