{
    "acc":0.5396825397,
    "recall_macro":0.2567287785,
    "precision_macro":0.2505787037,
    "f1_macro":0.226162538,
    "precision_micro":0.5396825397,
    "recall_micro":0.5396825397,
    "f1_micro":0.5396825397
}