{
    "acc":0.5238095238,
    "recall_macro":0.2450458444,
    "precision_macro":0.2165627166,
    "f1_macro":0.2044802867,
    "precision_micro":0.5238095238,
    "recall_micro":0.5238095238,
    "f1_micro":0.5238095238
}