{
    "acc":0.4841269841,
    "recall_macro":0.232845312,
    "precision_macro":0.2275070291,
    "f1_macro":0.2159765824,
    "precision_micro":0.4841269841,
    "recall_micro":0.4841269841,
    "f1_micro":0.4841269841
}