{
    "acc":0.4682539683,
    "recall_macro":0.3053090802,
    "precision_macro":0.2523739701,
    "f1_macro":0.2471781305,
    "precision_micro":0.4682539683,
    "recall_micro":0.4682539683,
    "f1_micro":0.4682539683
}