{
    "acc":0.5238095238,
    "recall_macro":0.3365868086,
    "precision_macro":0.2938568376,
    "f1_macro":0.2921212121,
    "precision_micro":0.5238095238,
    "recall_micro":0.5238095238,
    "f1_micro":0.5238095238
}