{
    "acc":0.4841269841,
    "recall_macro":0.2387607217,
    "precision_macro":0.2535529716,
    "f1_macro":0.2370118846,
    "precision_micro":0.4841269841,
    "recall_micro":0.4841269841,
    "f1_micro":0.4841269841
}