{
    "acc":0.5396825397,
    "recall_macro":0.3104998521,
    "precision_macro":0.3912765957,
    "f1_macro":0.321221309,
    "precision_micro":0.5396825397,
    "recall_micro":0.5396825397,
    "f1_micro":0.5396825397
}