{
    "acc":0.5317460317,
    "recall_macro":0.2619787045,
    "precision_macro":0.2556859868,
    "f1_macro":0.2489775051,
    "precision_micro":0.5317460317,
    "recall_micro":0.5317460317,
    "f1_micro":0.5317460317
}