{
    "acc":0.5396825397,
    "recall_macro":0.3408754806,
    "precision_macro":0.3230555556,
    "f1_macro":0.2988214745,
    "precision_micro":0.5396825397,
    "recall_micro":0.5396825397,
    "f1_micro":0.5396825397
}