{
    "acc":0.5396825397,
    "recall_macro":0.3060632949,
    "precision_macro":0.3379901961,
    "f1_macro":0.2973080346,
    "precision_micro":0.5396825397,
    "recall_micro":0.5396825397,
    "f1_micro":0.5396825397
}