{
    "acc":0.4920634921,
    "recall_macro":0.3132209406,
    "precision_macro":0.275,
    "f1_macro":0.2776287258,
    "precision_micro":0.4920634921,
    "recall_micro":0.4920634921,
    "f1_micro":0.4920634921
}