{
    "acc":0.4841269841,
    "recall_macro":0.3589322686,
    "precision_macro":0.3282199626,
    "f1_macro":0.3298460798,
    "precision_micro":0.4841269841,
    "recall_micro":0.4841269841,
    "f1_micro":0.4841269841
}