{
    "acc":0.8532934132,
    "recall_macro":0.8540422246,
    "precision_macro":0.8593999631,
    "f1_macro":0.8528387386,
    "precision_micro":0.8532934132,
    "recall_micro":0.8532934132,
    "f1_micro":0.8532934132
}