{
    "acc":0.4841269841,
    "recall_macro":0.2358030169,
    "precision_macro":0.2325441413,
    "f1_macro":0.22632747,
    "precision_micro":0.4841269841,
    "recall_micro":0.4841269841,
    "f1_micro":0.4841269841
}