{
    "acc":0.5158730159,
    "recall_macro":0.3793404318,
    "precision_macro":0.3561958874,
    "f1_macro":0.3514535712,
    "precision_micro":0.5158730159,
    "recall_micro":0.5158730159,
    "f1_micro":0.5158730159
}