{
    "acc":0.5555555556,
    "recall_macro":0.2624963029,
    "precision_macro":0.2891304348,
    "f1_macro":0.2247605011,
    "precision_micro":0.5555555556,
    "recall_micro":0.5555555556,
    "f1_micro":0.5555555556
}