{
    "acc":0.5396825397,
    "recall_macro":0.3408754806,
    "precision_macro":0.3056028687,
    "f1_macro":0.3036311914,
    "precision_micro":0.5396825397,
    "recall_micro":0.5396825397,
    "f1_micro":0.5396825397
}