{
    "acc":0.5079365079,
    "recall_macro":0.3204673174,
    "precision_macro":0.262987013,
    "f1_macro":0.2644189765,
    "precision_micro":0.5079365079,
    "recall_micro":0.5079365079,
    "f1_micro":0.5079365079
}