{
    "acc":0.4920634921,
    "recall_macro":0.2394262053,
    "precision_macro":0.2395833333,
    "f1_macro":0.2260689083,
    "precision_micro":0.4920634921,
    "recall_micro":0.4920634921,
    "f1_micro":0.4920634921
}