{
    "acc":0.4841269841,
    "recall_macro":0.2284087548,
    "precision_macro":0.2044033351,
    "f1_macro":0.2014705882,
    "precision_micro":0.4841269841,
    "recall_micro":0.4841269841,
    "f1_micro":0.4841269841
}