{
    "acc":0.5,
    "recall_macro":0.3227595386,
    "precision_macro":0.2781400966,
    "f1_macro":0.2714279955,
    "precision_micro":0.5,
    "recall_micro":0.5,
    "f1_micro":0.5
}