{
    "acc":0.5476190476,
    "recall_macro":0.2677462289,
    "precision_macro":0.2669803601,
    "f1_macro":0.2548466258,
    "precision_micro":0.5476190476,
    "recall_micro":0.5476190476,
    "f1_micro":0.5476190476
}