{
    "acc":0.4920634921,
    "recall_macro":0.3669920142,
    "precision_macro":0.3374188312,
    "f1_macro":0.3399795268,
    "precision_micro":0.4920634921,
    "recall_micro":0.4920634921,
    "f1_micro":0.4920634921
}