{
    "acc":0.5555555556,
    "recall_macro":0.3059154096,
    "precision_macro":0.3662766831,
    "f1_macro":0.2738899614,
    "precision_micro":0.5555555556,
    "recall_micro":0.5555555556,
    "f1_micro":0.5555555556
}