{
    "acc":0.5079365079,
    "recall_macro":0.2451937297,
    "precision_macro":0.2411616162,
    "f1_macro":0.2270707579,
    "precision_micro":0.5079365079,
    "recall_micro":0.5079365079,
    "f1_micro":0.5079365079
}