{
    "acc":0.4841269841,
    "recall_macro":0.3196835256,
    "precision_macro":0.274233852,
    "f1_macro":0.2763480392,
    "precision_micro":0.4841269841,
    "recall_micro":0.4841269841,
    "f1_micro":0.4841269841
}