{
    "acc":0.4841269841,
    "recall_macro":0.3574534161,
    "precision_macro":0.3157387955,
    "f1_macro":0.3060606061,
    "precision_micro":0.4841269841,
    "recall_micro":0.4841269841,
    "f1_micro":0.4841269841
}