{
    "acc":0.5396825397,
    "recall_macro":0.4321502514,
    "precision_macro":0.4057017544,
    "f1_macro":0.3962055089,
    "precision_micro":0.5396825397,
    "recall_micro":0.5396825397,
    "f1_micro":0.5396825397
}