{
    "acc":0.5158730159,
    "recall_macro":0.2429015084,
    "precision_macro":0.2325174825,
    "f1_macro":0.207920346,
    "precision_micro":0.5158730159,
    "recall_micro":0.5158730159,
    "f1_micro":0.5158730159
}