{
    "acc":0.4603174603,
    "recall_macro":0.3090801538,
    "precision_macro":0.2539215686,
    "f1_macro":0.2592975931,
    "precision_micro":0.4603174603,
    "recall_micro":0.4603174603,
    "f1_micro":0.4603174603
}