{
    "acc":0.4920634921,
    "recall_macro":0.3581188997,
    "precision_macro":0.504248366,
    "f1_macro":0.3439654796,
    "precision_micro":0.4920634921,
    "recall_micro":0.4920634921,
    "f1_micro":0.4920634921
}