{
    "acc":0.5079365079,
    "recall_macro":0.3293404318,
    "precision_macro":0.2824209885,
    "f1_macro":0.288315482,
    "precision_micro":0.5079365079,
    "recall_micro":0.5079365079,
    "f1_micro":0.5079365079
}