{
    "acc":0.4841269841,
    "recall_macro":0.312555457,
    "precision_macro":0.2710349462,
    "f1_macro":0.2639193871,
    "precision_micro":0.4841269841,
    "recall_micro":0.4841269841,
    "f1_micro":0.4841269841
}