{
    "acc":0.4920634921,
    "recall_macro":0.3610766046,
    "precision_macro":0.3435606061,
    "f1_macro":0.3280324568,
    "precision_micro":0.4920634921,
    "recall_micro":0.4920634921,
    "f1_micro":0.4920634921
}