{
    "acc":0.4841269841,
    "recall_macro":0.2313664596,
    "precision_macro":0.2340091376,
    "f1_macro":0.2100070472,
    "precision_micro":0.4841269841,
    "recall_micro":0.4841269841,
    "f1_micro":0.4841269841
}