{
    "acc":0.5079365079,
    "recall_macro":0.2511091393,
    "precision_macro":0.2386592742,
    "f1_macro":0.237654321,
    "precision_micro":0.5079365079,
    "recall_micro":0.5079365079,
    "f1_micro":0.5079365079
}