{
    "acc":0.5238095238,
    "recall_macro":0.3002957705,
    "precision_macro":0.3103494624,
    "f1_macro":0.2928762095,
    "precision_micro":0.5238095238,
    "recall_micro":0.5238095238,
    "f1_micro":0.5238095238
}