{
    "acc":0.4920634921,
    "recall_macro":0.322094055,
    "precision_macro":0.2816726297,
    "f1_macro":0.2703955972,
    "precision_micro":0.4920634921,
    "recall_micro":0.4920634921,
    "f1_micro":0.4920634921
}