{
    "acc":0.4603174603,
    "recall_macro":0.2175391896,
    "precision_macro":0.1956914345,
    "f1_macro":0.1917354661,
    "precision_micro":0.4603174603,
    "recall_micro":0.4603174603,
    "f1_micro":0.4603174603
}