{
    "acc":0.4761904762,
    "recall_macro":0.2755989352,
    "precision_macro":0.3045003814,
    "f1_macro":0.2735433604,
    "precision_micro":0.4761904762,
    "recall_micro":0.4761904762,
    "f1_micro":0.4761904762
}