{
    "acc":0.4920634921,
    "recall_macro":0.3277432712,
    "precision_macro":0.2770334928,
    "f1_macro":0.2755559541,
    "precision_micro":0.4920634921,
    "recall_micro":0.4920634921,
    "f1_micro":0.4920634921
}