{
    "acc":0.4841269841,
    "recall_macro":0.360411121,
    "precision_macro":0.3043924466,
    "f1_macro":0.309021458,
    "precision_micro":0.4841269841,
    "recall_micro":0.4841269841,
    "f1_micro":0.4841269841
}