{
    "acc":0.5396825397,
    "recall_macro":0.2582076309,
    "precision_macro":0.2578339747,
    "f1_macro":0.2310606061,
    "precision_micro":0.5396825397,
    "recall_micro":0.5396825397,
    "f1_micro":0.5396825397
}