{
    "acc":0.4682539683,
    "recall_macro":0.2719757468,
    "precision_macro":0.3025362319,
    "f1_macro":0.2725740237,
    "precision_micro":0.4682539683,
    "recall_micro":0.4682539683,
    "f1_micro":0.4682539683
}