{
    "acc":0.4920634921,
    "recall_macro":0.3206152026,
    "precision_macro":0.298760454,
    "f1_macro":0.2981179801,
    "precision_micro":0.4920634921,
    "recall_micro":0.4920634921,
    "f1_micro":0.4920634921
}