{
    "acc":0.5238095238,
    "recall_macro":0.2524401065,
    "precision_macro":0.2495192308,
    "f1_macro":0.2299572757,
    "precision_micro":0.5238095238,
    "recall_micro":0.5238095238,
    "f1_micro":0.5238095238
}