{
    "acc":0.5238095238,
    "recall_macro":0.330671399,
    "precision_macro":0.2863856069,
    "f1_macro":0.279482212,
    "precision_micro":0.5238095238,
    "recall_micro":0.5238095238,
    "f1_micro":0.5238095238
}