{
    "acc":0.5238095238,
    "recall_macro":0.3076900325,
    "precision_macro":0.2970588235,
    "f1_macro":0.2906077045,
    "precision_micro":0.5238095238,
    "recall_micro":0.5238095238,
    "f1_micro":0.5238095238
}