{
    "acc":0.5079365079,
    "recall_macro":0.3801538007,
    "precision_macro":0.3754355401,
    "f1_macro":0.3629704089,
    "precision_micro":0.5079365079,
    "recall_micro":0.5079365079,
    "f1_micro":0.5079365079
}