{
    "acc":0.4603174603,
    "recall_macro":0.2204968944,
    "precision_macro":0.2109887535,
    "f1_macro":0.2029102325,
    "precision_micro":0.4603174603,
    "recall_micro":0.4603174603,
    "f1_micro":0.4603174603
}