{
    "acc":0.4761904762,
    "recall_macro":0.2277432712,
    "precision_macro":0.2297222222,
    "f1_macro":0.2090435397,
    "precision_micro":0.4761904762,
    "recall_micro":0.4761904762,
    "f1_micro":0.4761904762
}