{
    "acc":0.5238095238,
    "recall_macro":0.3740905058,
    "precision_macro":0.3366666667,
    "f1_macro":0.3240281887,
    "precision_micro":0.5238095238,
    "recall_micro":0.5238095238,
    "f1_micro":0.5238095238
}