{
    "acc":0.5158730159,
    "recall_macro":0.2443803608,
    "precision_macro":0.2300622172,
    "f1_macro":0.2159747767,
    "precision_micro":0.5158730159,
    "recall_micro":0.5158730159,
    "f1_micro":0.5158730159
}