{
    "acc":0.4603174603,
    "recall_macro":0.2160603372,
    "precision_macro":0.1961633663,
    "f1_macro":0.1895927602,
    "precision_micro":0.4603174603,
    "recall_micro":0.4603174603,
    "f1_micro":0.4603174603
}