{
    "acc":0.5079365079,
    "recall_macro":0.2422360248,
    "precision_macro":0.2232142857,
    "f1_macro":0.2145177411,
    "precision_micro":0.5079365079,
    "recall_micro":0.5079365079,
    "f1_micro":0.5079365079
}