{
    "acc":0.7792718924,
    "recall_macro":0.7792164452,
    "precision_macro":0.7792517753,
    "f1_macro":0.7792300011,
    "precision_micro":0.7792718924,
    "recall_micro":0.7792718924,
    "f1_micro":0.7792718924
}