{
    "acc":0.5,
    "recall_macro":0.237133984,
    "precision_macro":0.2428571429,
    "f1_macro":0.2114121511,
    "precision_micro":0.5,
    "recall_micro":0.5,
    "f1_micro":0.5
}