{
    "acc":0.5476190476,
    "recall_macro":0.3096864833,
    "precision_macro":0.3268494898,
    "f1_macro":0.2875441425,
    "precision_micro":0.5476190476,
    "recall_micro":0.5476190476,
    "f1_micro":0.5476190476
}