{
    "acc":0.5555555556,
    "recall_macro":0.2713694173,
    "precision_macro":0.2635643564,
    "f1_macro":0.2516693164,
    "precision_micro":0.5555555556,
    "recall_micro":0.5555555556,
    "f1_micro":0.5555555556
}