{
    "acc":0.4603174603,
    "recall_macro":0.3046435966,
    "precision_macro":0.2640540425,
    "f1_macro":0.2602875432,
    "precision_micro":0.4603174603,
    "recall_micro":0.4603174603,
    "f1_micro":0.4603174603
}