{
    "acc":0.4920634921,
    "recall_macro":0.2409050577,
    "precision_macro":0.2380860132,
    "f1_macro":0.2319052256,
    "precision_micro":0.4920634921,
    "recall_micro":0.4920634921,
    "f1_micro":0.4920634921
}