{
    "acc":0.4920634921,
    "recall_macro":0.3176574978,
    "precision_macro":0.2798701299,
    "f1_macro":0.2683523483,
    "precision_micro":0.4920634921,
    "recall_micro":0.4920634921,
    "f1_micro":0.4920634921
}