{
    "acc":0.5555555556,
    "recall_macro":0.2698905649,
    "precision_macro":0.273989899,
    "f1_macro":0.2530600268,
    "precision_micro":0.5555555556,
    "recall_micro":0.5555555556,
    "f1_micro":0.5555555556
}