{
    "acc":0.5476190476,
    "recall_macro":0.3879177758,
    "precision_macro":0.5081232493,
    "f1_macro":0.4015748619,
    "precision_micro":0.5476190476,
    "recall_micro":0.5476190476,
    "f1_micro":0.5476190476
}