{
    "acc":0.7822236799,
    "recall_macro":0.7819954135,
    "precision_macro":0.7825625342,
    "f1_macro":0.7820421187,
    "precision_micro":0.7822236799,
    "recall_micro":0.7822236799,
    "f1_micro":0.7822236799
}