{
    "acc":0.5079365079,
    "recall_macro":0.2437148773,
    "precision_macro":0.2346153846,
    "f1_macro":0.2198207255,
    "precision_micro":0.5079365079,
    "recall_micro":0.5079365079,
    "f1_micro":0.5079365079
}