{
    "acc":0.4841269841,
    "recall_macro":0.280700976,
    "precision_macro":0.2723345139,
    "f1_macro":0.2623539435,
    "precision_micro":0.4841269841,
    "recall_micro":0.4841269841,
    "f1_micro":0.4841269841
}