{
    "acc":0.5476190476,
    "recall_macro":0.3141230405,
    "precision_macro":0.3268207856,
    "f1_macro":0.3073346967,
    "precision_micro":0.5476190476,
    "recall_micro":0.5476190476,
    "f1_micro":0.5476190476
}