{
    "acc":0.5158730159,
    "recall_macro":0.3359213251,
    "precision_macro":0.2877398271,
    "f1_macro":0.291504329,
    "precision_micro":0.5158730159,
    "recall_micro":0.5158730159,
    "f1_micro":0.5158730159
}