{
    "acc":0.3253968254,
    "recall_macro":0.2023217983,
    "precision_macro":0.2102753775,
    "f1_macro":0.1871803069,
    "precision_micro":0.3253968254,
    "recall_micro":0.3253968254,
    "f1_micro":0.3253968254
}