{
    "acc":0.5158730159,
    "recall_macro":0.2429015084,
    "precision_macro":0.2157396789,
    "f1_macro":0.2070008643,
    "precision_micro":0.5158730159,
    "recall_micro":0.5158730159,
    "f1_micro":0.5158730159
}