{
    "acc":0.5634920635,
    "recall_macro":0.2720349009,
    "precision_macro":0.2716346154,
    "f1_macro":0.2487643462,
    "precision_micro":0.5634920635,
    "recall_micro":0.5634920635,
    "f1_micro":0.5634920635
}