{
    "acc":0.4920634921,
    "recall_macro":0.2379473529,
    "precision_macro":0.2615979381,
    "f1_macro":0.2268027333,
    "precision_micro":0.4920634921,
    "recall_micro":0.4920634921,
    "f1_micro":0.4920634921
}