{
    "acc":0.5,
    "recall_macro":0.3198018338,
    "precision_macro":0.2760800196,
    "f1_macro":0.2753490151,
    "precision_micro":0.5,
    "recall_micro":0.5,
    "f1_micro":0.5
}