{
    "acc":0.5158730159,
    "recall_macro":0.2562111801,
    "precision_macro":0.2615530303,
    "f1_macro":0.2510279771,
    "precision_micro":0.5158730159,
    "recall_micro":0.5158730159,
    "f1_micro":0.5158730159
}