{
    "acc":0.5714285714,
    "recall_macro":0.2786157941,
    "precision_macro":0.2760658506,
    "f1_macro":0.257751938,
    "precision_micro":0.5714285714,
    "recall_micro":0.5714285714,
    "f1_micro":0.5714285714
}