{
    "acc":0.5634920635,
    "recall_macro":0.2602040816,
    "precision_macro":0.3891129032,
    "f1_macro":0.1983643198,
    "precision_micro":0.5634920635,
    "recall_micro":0.5634920635,
    "f1_micro":0.5634920635
}