{
    "acc":0.5079365079,
    "recall_macro":0.2900916888,
    "precision_macro":0.283625731,
    "f1_macro":0.2630987051,
    "precision_micro":0.5079365079,
    "recall_micro":0.5079365079,
    "f1_micro":0.5079365079
}