{
    "acc":0.5,
    "recall_macro":0.2835107956,
    "precision_macro":0.2789141414,
    "f1_macro":0.2657004831,
    "precision_micro":0.5,
    "recall_micro":0.5,
    "f1_micro":0.5
}