{
    "acc":0.4682539683,
    "recall_macro":0.2241200828,
    "precision_macro":0.2173611111,
    "f1_macro":0.2114672181,
    "precision_micro":0.4682539683,
    "recall_micro":0.4682539683,
    "f1_micro":0.4682539683
}