{
    "acc":0.4841269841,
    "recall_macro":0.2792221236,
    "precision_macro":0.2874297095,
    "f1_macro":0.2685200897,
    "precision_micro":0.4841269841,
    "recall_micro":0.4841269841,
    "f1_micro":0.4841269841
}