{
    "acc":0.5,
    "recall_macro":0.3227595386,
    "precision_macro":0.2843900966,
    "f1_macro":0.2784210025,
    "precision_micro":0.5,
    "recall_micro":0.5,
    "f1_micro":0.5
}