{
    "acc":0.4841269841,
    "recall_macro":0.2821798285,
    "precision_macro":0.3204787234,
    "f1_macro":0.2843673838,
    "precision_micro":0.4841269841,
    "recall_micro":0.4841269841,
    "f1_micro":0.4841269841
}