{
    "acc":0.4920634921,
    "recall_macro":0.2379473529,
    "precision_macro":0.2324731183,
    "f1_macro":0.2243910577,
    "precision_micro":0.4920634921,
    "recall_micro":0.4920634921,
    "f1_micro":0.4920634921
}