{
    "acc":0.4920634921,
    "recall_macro":0.3729074238,
    "precision_macro":0.3261634199,
    "f1_macro":0.3343043942,
    "precision_micro":0.4920634921,
    "recall_micro":0.4920634921,
    "f1_micro":0.4920634921
}