{
    "acc":0.5079365079,
    "recall_macro":0.2540668441,
    "precision_macro":0.2517570281,
    "f1_macro":0.2494195046,
    "precision_micro":0.5079365079,
    "recall_micro":0.5079365079,
    "f1_micro":0.5079365079
}