{
    "acc":0.5317460317,
    "recall_macro":0.3416888495,
    "precision_macro":0.2942467749,
    "f1_macro":0.2917093732,
    "precision_micro":0.5317460317,
    "recall_micro":0.5317460317,
    "f1_micro":0.5317460317
}