{
    "acc":0.4841269841,
    "recall_macro":0.232845312,
    "precision_macro":0.2501470588,
    "f1_macro":0.2174107943,
    "precision_micro":0.4841269841,
    "recall_micro":0.4841269841,
    "f1_micro":0.4841269841
}