{
    "acc":0.5476190476,
    "recall_macro":0.2559154096,
    "precision_macro":0.2524154589,
    "f1_macro":0.2111131934,
    "precision_micro":0.5476190476,
    "recall_micro":0.5476190476,
    "f1_micro":0.5476190476
}