{
    "acc":0.5476190476,
    "recall_macro":0.3067287785,
    "precision_macro":0.3028846154,
    "f1_macro":0.2703176721,
    "precision_micro":0.5476190476,
    "recall_micro":0.5476190476,
    "f1_micro":0.5476190476
}