{
    "acc":0.5079365079,
    "recall_macro":0.2945282461,
    "precision_macro":0.2859279609,
    "f1_macro":0.2785220126,
    "precision_micro":0.5079365079,
    "recall_micro":0.5079365079,
    "f1_micro":0.5079365079
}