{
    "acc":0.5158730159,
    "recall_macro":0.3778615794,
    "precision_macro":0.3461111111,
    "f1_macro":0.3434018925,
    "precision_micro":0.5158730159,
    "recall_micro":0.5158730159,
    "f1_micro":0.5158730159
}