{
    "acc":0.4920634921,
    "recall_macro":0.2335107956,
    "precision_macro":0.2366071429,
    "f1_macro":0.2138185168,
    "precision_micro":0.4920634921,
    "recall_micro":0.4920634921,
    "f1_micro":0.4920634921
}