{
    "acc":0.5555555556,
    "recall_macro":0.259538598,
    "precision_macro":0.2521367521,
    "f1_macro":0.2119021135,
    "precision_micro":0.5555555556,
    "recall_micro":0.5555555556,
    "f1_micro":0.5555555556
}