{
    "acc":0.5396825397,
    "recall_macro":0.2596864833,
    "precision_macro":0.2543269231,
    "f1_macro":0.2357376225,
    "precision_micro":0.5396825397,
    "recall_micro":0.5396825397,
    "f1_micro":0.5396825397
}