{
    "acc":0.4920634921,
    "recall_macro":0.2394262053,
    "precision_macro":0.2428571429,
    "f1_macro":0.2300675676,
    "precision_micro":0.4920634921,
    "recall_micro":0.4920634921,
    "f1_micro":0.4920634921
}