{
    "acc":0.5158730159,
    "recall_macro":0.3240905058,
    "precision_macro":0.2964646465,
    "f1_macro":0.2819940476,
    "precision_micro":0.5158730159,
    "recall_micro":0.5158730159,
    "f1_micro":0.5158730159
}