{
    "acc":0.4841269841,
    "recall_macro":0.2358030169,
    "precision_macro":0.2378205128,
    "f1_macro":0.2270440252,
    "precision_micro":0.4841269841,
    "recall_micro":0.4841269841,
    "f1_micro":0.4841269841
}