{
    "acc":0.5158730159,
    "recall_macro":0.2937148773,
    "precision_macro":0.2995930548,
    "f1_macro":0.2774982282,
    "precision_micro":0.5158730159,
    "recall_micro":0.5158730159,
    "f1_micro":0.5158730159
}