{
    "acc":0.5238095238,
    "recall_macro":0.378527063,
    "precision_macro":0.3560463659,
    "f1_macro":0.3430797522,
    "precision_micro":0.5238095238,
    "recall_micro":0.5238095238,
    "f1_micro":0.5238095238
}