{
    "acc":0.4444444444,
    "recall_macro":0.2973972198,
    "precision_macro":0.2534455128,
    "f1_macro":0.2454511559,
    "precision_micro":0.4444444444,
    "recall_micro":0.4444444444,
    "f1_micro":0.4444444444
}