{
    "acc":0.5079365079,
    "recall_macro":0.2377994676,
    "precision_macro":0.2160766962,
    "f1_macro":0.1976220501,
    "precision_micro":0.5079365079,
    "recall_micro":0.5079365079,
    "f1_micro":0.5079365079
}