{
    "acc":0.5158730159,
    "recall_macro":0.328527063,
    "precision_macro":0.2900265957,
    "f1_macro":0.2793835932,
    "precision_micro":0.5158730159,
    "recall_micro":0.5158730159,
    "f1_micro":0.5158730159
}