{
    "acc":0.5079365079,
    "recall_macro":0.2496302869,
    "precision_macro":0.2555555556,
    "f1_macro":0.242469381,
    "precision_micro":0.5079365079,
    "recall_micro":0.5079365079,
    "f1_micro":0.5079365079
}