{
    "acc":0.5079365079,
    "recall_macro":0.2437148773,
    "precision_macro":0.2452631579,
    "f1_macro":0.2245040028,
    "precision_micro":0.5079365079,
    "recall_micro":0.5079365079,
    "f1_micro":0.5079365079
}