{
    "acc":0.4761904762,
    "recall_macro":0.223306714,
    "precision_macro":0.2255244755,
    "f1_macro":0.1951830443,
    "precision_micro":0.4761904762,
    "recall_micro":0.4761904762,
    "f1_micro":0.4761904762
}