{
    "acc":0.3650793651,
    "recall_macro":0.4277136942,
    "precision_macro":0.2546799517,
    "f1_macro":0.2673395445,
    "precision_micro":0.3650793651,
    "recall_micro":0.3650793651,
    "f1_micro":0.3650793651
}