{
    "acc":0.4523809524,
    "recall_macro":0.3792517007,
    "precision_macro":0.2688324192,
    "f1_macro":0.2611527079,
    "precision_micro":0.4523809524,
    "recall_micro":0.4523809524,
    "f1_micro":0.4523809524
}