{
    "acc":0.5238095238,
    "recall_macro":0.3002957705,
    "precision_macro":0.3042525773,
    "f1_macro":0.2887857737,
    "precision_micro":0.5238095238,
    "recall_micro":0.5238095238,
    "f1_micro":0.5238095238
}