{
    "acc":0.5079365079,
    "recall_macro":0.3653652765,
    "precision_macro":0.3076105442,
    "f1_macro":0.3012503132,
    "precision_micro":0.5079365079,
    "recall_micro":0.5079365079,
    "f1_micro":0.5079365079
}