{
    "acc":0.5079365079,
    "recall_macro":0.3757172434,
    "precision_macro":0.3456699346,
    "f1_macro":0.3353021248,
    "precision_micro":0.5079365079,
    "recall_micro":0.5079365079,
    "f1_micro":0.5079365079
}