{
    "acc":0.5158730159,
    "recall_macro":0.2488169181,
    "precision_macro":0.262254902,
    "f1_macro":0.2309068692,
    "precision_micro":0.5158730159,
    "recall_micro":0.5158730159,
    "f1_micro":0.5158730159
}