{
    "acc":0.5,
    "recall_macro":0.324238391,
    "precision_macro":0.2804802956,
    "f1_macro":0.2848901099,
    "precision_micro":0.5,
    "recall_micro":0.5,
    "f1_micro":0.5
}