{
    "acc":0.5555555556,
    "recall_macro":0.2624963029,
    "precision_macro":0.2595287595,
    "f1_macro":0.2261648746,
    "precision_micro":0.5555555556,
    "recall_micro":0.5555555556,
    "f1_micro":0.5555555556
}