{
    "acc":0.5158730159,
    "recall_macro":0.2547323277,
    "precision_macro":0.2597962382,
    "f1_macro":0.2489384289,
    "precision_micro":0.5158730159,
    "recall_micro":0.5158730159,
    "f1_micro":0.5158730159
}