{
    "acc":0.5396825397,
    "recall_macro":0.342354333,
    "precision_macro":0.3072695035,
    "f1_macro":0.2848226194,
    "precision_micro":0.5396825397,
    "recall_micro":0.5396825397,
    "f1_micro":0.5396825397
}