{
    "acc":0.5476190476,
    "recall_macro":0.3096864833,
    "precision_macro":0.3048396334,
    "f1_macro":0.2805893082,
    "precision_micro":0.5476190476,
    "recall_micro":0.5476190476,
    "f1_micro":0.5476190476
}