{
    "acc":0.5396825397,
    "recall_macro":0.390209997,
    "precision_macro":0.3954570792,
    "f1_macro":0.3810351967,
    "precision_micro":0.5396825397,
    "recall_micro":0.5396825397,
    "f1_micro":0.5396825397
}