{
    "acc":0.4920634921,
    "recall_macro":0.3176574978,
    "precision_macro":0.2700483092,
    "f1_macro":0.2676886792,
    "precision_micro":0.4920634921,
    "recall_micro":0.4920634921,
    "f1_micro":0.4920634921
}