{
    "acc":0.5317460317,
    "recall_macro":0.2604998521,
    "precision_macro":0.2589605735,
    "f1_macro":0.2487004548,
    "precision_micro":0.5317460317,
    "recall_micro":0.5317460317,
    "f1_micro":0.5317460317
}