{
    "acc":0.5396825397,
    "recall_macro":0.3813368826,
    "precision_macro":0.3852144013,
    "f1_macro":0.3545010222,
    "precision_micro":0.5396825397,
    "recall_micro":0.5396825397,
    "f1_micro":0.5396825397
}