{
    "acc":0.5317460317,
    "recall_macro":0.3009612541,
    "precision_macro":0.3283333333,
    "f1_macro":0.2920686476,
    "precision_micro":0.5317460317,
    "recall_micro":0.5317460317,
    "f1_micro":0.5317460317
}