{
    "acc":0.5555555556,
    "recall_macro":0.2624963029,
    "precision_macro":0.2582417582,
    "f1_macro":0.2251826769,
    "precision_micro":0.5555555556,
    "recall_micro":0.5555555556,
    "f1_micro":0.5555555556
}