{
    "acc":0.5079365079,
    "recall_macro":0.3727595386,
    "precision_macro":0.3405982906,
    "f1_macro":0.3426886792,
    "precision_micro":0.5079365079,
    "recall_micro":0.5079365079,
    "f1_micro":0.5079365079
}