{
    "acc":0.5079365079,
    "recall_macro":0.3204673174,
    "precision_macro":0.2773070576,
    "f1_macro":0.2493674889,
    "precision_micro":0.5079365079,
    "recall_micro":0.5079365079,
    "f1_micro":0.5079365079
}