{
    "acc":0.4920634921,
    "recall_macro":0.3235729074,
    "precision_macro":0.2720238095,
    "f1_macro":0.2724745594,
    "precision_micro":0.4920634921,
    "recall_micro":0.4920634921,
    "f1_micro":0.4920634921
}