{
    "acc":0.5238095238,
    "recall_macro":0.3770482106,
    "precision_macro":0.3379321465,
    "f1_macro":0.3222468588,
    "precision_micro":0.5238095238,
    "recall_micro":0.5238095238,
    "f1_micro":0.5238095238
}