{
    "acc":0.5317460317,
    "recall_macro":0.3387311446,
    "precision_macro":0.3045802316,
    "f1_macro":0.2807132313,
    "precision_micro":0.5317460317,
    "recall_micro":0.5317460317,
    "f1_micro":0.5317460317
}