{
    "acc":0.5476190476,
    "recall_macro":0.2588731145,
    "precision_macro":0.2585664336,
    "f1_macro":0.2243647504,
    "precision_micro":0.5476190476,
    "recall_micro":0.5476190476,
    "f1_micro":0.5476190476
}