{
    "acc":0.5,
    "recall_macro":0.2356551316,
    "precision_macro":0.2090434305,
    "f1_macro":0.2026515152,
    "precision_micro":0.5,
    "recall_micro":0.5,
    "f1_micro":0.5
}