{
    "acc":0.4682539683,
    "recall_macro":0.2734545992,
    "precision_macro":0.286678911,
    "f1_macro":0.2706188467,
    "precision_micro":0.4682539683,
    "recall_micro":0.4682539683,
    "f1_micro":0.4682539683
}