{
    "acc":0.4841269841,
    "recall_macro":0.2777432712,
    "precision_macro":0.2551328502,
    "f1_macro":0.250310559,
    "precision_micro":0.4841269841,
    "recall_micro":0.4841269841,
    "f1_micro":0.4841269841
}