{
    "acc":0.5396825397,
    "recall_macro":0.3393966282,
    "precision_macro":0.3036198744,
    "f1_macro":0.2908752658,
    "precision_micro":0.5396825397,
    "recall_micro":0.5396825397,
    "f1_micro":0.5396825397
}