{
    "acc":0.4920634921,
    "recall_macro":0.2364685004,
    "precision_macro":0.215,
    "f1_macro":0.2138173677,
    "precision_micro":0.4920634921,
    "recall_micro":0.4920634921,
    "f1_micro":0.4920634921
}