{
    "acc":0.4523809524,
    "recall_macro":0.2617716652,
    "precision_macro":0.2719086022,
    "f1_macro":0.2533548041,
    "precision_micro":0.4523809524,
    "recall_micro":0.4523809524,
    "f1_micro":0.4523809524
}