{
    "acc":0.5,
    "recall_macro":0.372094055,
    "precision_macro":0.339559387,
    "f1_macro":0.3342760181,
    "precision_micro":0.5,
    "recall_micro":0.5,
    "f1_micro":0.5
}