{
    "acc":0.5079365079,
    "recall_macro":0.2555456965,
    "precision_macro":0.2592592593,
    "f1_macro":0.2541176471,
    "precision_micro":0.5079365079,
    "recall_micro":0.5079365079,
    "f1_micro":0.5079365079
}