{
    "acc":0.5158730159,
    "recall_macro":0.2488169181,
    "precision_macro":0.2678571429,
    "f1_macro":0.2348288498,
    "precision_micro":0.5158730159,
    "recall_micro":0.5158730159,
    "f1_micro":0.5158730159
}