{
    "acc":0.5158730159,
    "recall_macro":0.2443803608,
    "precision_macro":0.2273862375,
    "f1_macro":0.214025974,
    "precision_micro":0.5158730159,
    "recall_micro":0.5158730159,
    "f1_micro":0.5158730159
}