{
    "acc":0.4285714286,
    "recall_macro":0.2842354333,
    "precision_macro":0.2478506787,
    "f1_macro":0.2167137819,
    "precision_micro":0.4285714286,
    "recall_micro":0.4285714286,
    "f1_micro":0.4285714286
}