{
    "acc":0.5238095238,
    "recall_macro":0.2672286306,
    "precision_macro":0.2650875547,
    "f1_macro":0.2635836845,
    "precision_micro":0.5238095238,
    "recall_micro":0.5238095238,
    "f1_micro":0.5238095238
}