{
    "acc":0.8497532083,
    "recall_macro":0.8499103265,
    "precision_macro":0.8498748597,
    "f1_macro":0.8497526226,
    "precision_micro":0.8497532083,
    "recall_micro":0.8497532083,
    "f1_micro":0.8497532083
}