{
    "acc":0.5158730159,
    "recall_macro":0.3314847678,
    "precision_macro":0.2913186813,
    "f1_macro":0.2899493243,
    "precision_micro":0.5158730159,
    "recall_micro":0.5158730159,
    "f1_micro":0.5158730159
}