{
    "acc":0.5396825397,
    "recall_macro":0.3379177758,
    "precision_macro":0.298989899,
    "f1_macro":0.2960662526,
    "precision_micro":0.5396825397,
    "recall_micro":0.5396825397,
    "f1_micro":0.5396825397
}