{
    "acc":0.5396825397,
    "recall_macro":0.3134575569,
    "precision_macro":0.3190972222,
    "f1_macro":0.3086419753,
    "precision_micro":0.5396825397,
    "recall_micro":0.5396825397,
    "f1_micro":0.5396825397
}