{
    "acc":0.5079365079,
    "recall_macro":0.2422360248,
    "precision_macro":0.2523809524,
    "f1_macro":0.2184806034,
    "precision_micro":0.5079365079,
    "recall_micro":0.5079365079,
    "f1_micro":0.5079365079
}