{
    "acc":0.4603174603,
    "recall_macro":0.2160603372,
    "precision_macro":0.2037815126,
    "f1_macro":0.1896407686,
    "precision_micro":0.4603174603,
    "recall_micro":0.4603174603,
    "f1_micro":0.4603174603
}