{
    "acc":0.5158730159,
    "recall_macro":0.3719461698,
    "precision_macro":0.4780275933,
    "f1_macro":0.3856898573,
    "precision_micro":0.5158730159,
    "recall_micro":0.5158730159,
    "f1_micro":0.5158730159
}