{
    "acc":0.5476190476,
    "recall_macro":0.2662673765,
    "precision_macro":0.2645652174,
    "f1_macro":0.247986522,
    "precision_micro":0.5476190476,
    "recall_micro":0.5476190476,
    "f1_micro":0.5476190476
}