{
    "acc":0.5396825397,
    "recall_macro":0.3379177758,
    "precision_macro":0.3008613445,
    "f1_macro":0.2851622736,
    "precision_micro":0.5396825397,
    "recall_micro":0.5396825397,
    "f1_micro":0.5396825397
}