{
    "acc":0.5079365079,
    "recall_macro":0.374238391,
    "precision_macro":0.3595146871,
    "f1_macro":0.3399966262,
    "precision_micro":0.5079365079,
    "recall_micro":0.5079365079,
    "f1_micro":0.5079365079
}