{
    "acc":0.5476190476,
    "recall_macro":0.3126441881,
    "precision_macro":0.3513360507,
    "f1_macro":0.3116161616,
    "precision_micro":0.5476190476,
    "recall_micro":0.5476190476,
    "f1_micro":0.5476190476
}