{
    "acc":0.5,
    "recall_macro":0.2968204673,
    "precision_macro":0.3147045855,
    "f1_macro":0.3015079365,
    "precision_micro":0.5,
    "recall_micro":0.5,
    "f1_micro":0.5
}