{
    "acc":0.4761904762,
    "recall_macro":0.271162378,
    "precision_macro":0.2660445757,
    "f1_macro":0.2539969081,
    "precision_micro":0.4761904762,
    "recall_micro":0.4761904762,
    "f1_micro":0.4761904762
}