{
    "acc":0.4920634921,
    "recall_macro":0.3176574978,
    "precision_macro":0.2719332298,
    "f1_macro":0.2704545455,
    "precision_micro":0.4920634921,
    "recall_micro":0.4920634921,
    "f1_micro":0.4920634921
}