{
    "acc":0.3492063492,
    "recall_macro":0.3377994676,
    "precision_macro":0.227001634,
    "f1_macro":0.2265087041,
    "precision_micro":0.3492063492,
    "recall_micro":0.3492063492,
    "f1_micro":0.3492063492
}