{
    "acc":0.5317460317,
    "recall_macro":0.3039189589,
    "precision_macro":0.3244047619,
    "f1_macro":0.2946487976,
    "precision_micro":0.5317460317,
    "recall_micro":0.5317460317,
    "f1_micro":0.5317460317
}