{
    "acc":0.5396825397,
    "recall_macro":0.3842945874,
    "precision_macro":0.3559027778,
    "f1_macro":0.3453491782,
    "precision_micro":0.5396825397,
    "recall_micro":0.5396825397,
    "f1_micro":0.5396825397
}