{
    "acc":0.5238095238,
    "recall_macro":0.3017746229,
    "precision_macro":0.3282867495,
    "f1_macro":0.3016304348,
    "precision_micro":0.5238095238,
    "recall_micro":0.5238095238,
    "f1_micro":0.5238095238
}