{
    "acc":0.5476190476,
    "recall_macro":0.3893966282,
    "precision_macro":0.3607755602,
    "f1_macro":0.3411616162,
    "precision_micro":0.5476190476,
    "recall_micro":0.5476190476,
    "f1_micro":0.5476190476
}