{
    "acc":0.5079365079,
    "recall_macro":0.3278615794,
    "precision_macro":0.2798763736,
    "f1_macro":0.2812878788,
    "precision_micro":0.5079365079,
    "recall_micro":0.5079365079,
    "f1_micro":0.5079365079
}