{
    "acc":0.4444444444,
    "recall_macro":0.3467317362,
    "precision_macro":0.3139038232,
    "f1_macro":0.309017094,
    "precision_micro":0.4444444444,
    "recall_micro":0.4444444444,
    "f1_micro":0.4444444444
}