{
    "acc":0.5634920635,
    "recall_macro":0.3473084886,
    "precision_macro":0.359775641,
    "f1_macro":0.3209698137,
    "precision_micro":0.5634920635,
    "recall_micro":0.5634920635,
    "f1_micro":0.5634920635
}