{
    "acc":0.5396825397,
    "recall_macro":0.4291925466,
    "precision_macro":0.3826814059,
    "f1_macro":0.3711973375,
    "precision_micro":0.5396825397,
    "recall_micro":0.5396825397,
    "f1_micro":0.5396825397
}