{
    "acc":0.5476190476,
    "recall_macro":0.3908754806,
    "precision_macro":0.3662698413,
    "f1_macro":0.3456295757,
    "precision_micro":0.5476190476,
    "recall_micro":0.5476190476,
    "f1_micro":0.5476190476
}