{
    "acc":0.4523809524,
    "recall_macro":0.2965838509,
    "precision_macro":0.2414624924,
    "f1_macro":0.2305031925,
    "precision_micro":0.4523809524,
    "recall_micro":0.4523809524,
    "f1_micro":0.4523809524
}