{
    "acc":0.4920634921,
    "recall_macro":0.282845312,
    "precision_macro":0.2793778802,
    "f1_macro":0.2661776495,
    "precision_micro":0.4920634921,
    "recall_micro":0.4920634921,
    "f1_micro":0.4920634921
}