{
    "acc":0.4444444444,
    "recall_macro":0.2900029577,
    "precision_macro":0.2362827715,
    "f1_macro":0.2190294785,
    "precision_micro":0.4444444444,
    "recall_micro":0.4444444444,
    "f1_micro":0.4444444444
}