{
    "acc":0.5158730159,
    "recall_macro":0.328527063,
    "precision_macro":0.2811972307,
    "f1_macro":0.2746640374,
    "precision_micro":0.5158730159,
    "recall_micro":0.5158730159,
    "f1_micro":0.5158730159
}