{
    "acc":0.5238095238,
    "recall_macro":0.2539189589,
    "precision_macro":0.2501097936,
    "f1_macro":0.2361111111,
    "precision_micro":0.5238095238,
    "recall_micro":0.5238095238,
    "f1_micro":0.5238095238
}