{
    "acc":0.5317460317,
    "recall_macro":0.2560632949,
    "precision_macro":0.2663802363,
    "f1_macro":0.2398291652,
    "precision_micro":0.5317460317,
    "recall_micro":0.5317460317,
    "f1_micro":0.5317460317
}