{
    "acc":0.5158730159,
    "recall_macro":0.3211328009,
    "precision_macro":0.2863636364,
    "f1_macro":0.2639960704,
    "precision_micro":0.5158730159,
    "recall_micro":0.5158730159,
    "f1_micro":0.5158730159
}