{
    "acc":0.4841269841,
    "recall_macro":0.3184708666,
    "precision_macro":0.2823920266,
    "f1_macro":0.2827607876,
    "precision_micro":0.4841269841,
    "recall_micro":0.4841269841,
    "f1_micro":0.4841269841
}