{
    "acc":0.5079365079,
    "recall_macro":0.2407571724,
    "precision_macro":0.2380952381,
    "f1_macro":0.2135416667,
    "precision_micro":0.5079365079,
    "recall_micro":0.5079365079,
    "f1_micro":0.5079365079
}