{
    "acc":0.4444444444,
    "recall_macro":0.4323572907,
    "precision_macro":0.5164673046,
    "f1_macro":0.3557125563,
    "precision_micro":0.4444444444,
    "recall_micro":0.4444444444,
    "f1_micro":0.4444444444
}