{
    "acc":0.5396825397,
    "recall_macro":0.3075421473,
    "precision_macro":0.3159548355,
    "f1_macro":0.2931153184,
    "precision_micro":0.5396825397,
    "recall_micro":0.5396825397,
    "f1_micro":0.5396825397
}