{
    "acc":0.5,
    "recall_macro":0.2356551316,
    "precision_macro":0.2214285714,
    "f1_macro":0.2057291667,
    "precision_micro":0.5,
    "recall_micro":0.5,
    "f1_micro":0.5
}