{
    "acc":0.5158730159,
    "recall_macro":0.2937148773,
    "precision_macro":0.3090612002,
    "f1_macro":0.2772727273,
    "precision_micro":0.5158730159,
    "recall_micro":0.5158730159,
    "f1_micro":0.5158730159
}