{
    "acc":0.5238095238,
    "recall_macro":0.2973380657,
    "precision_macro":0.3599439776,
    "f1_macro":0.2952380952,
    "precision_micro":0.5238095238,
    "recall_micro":0.5238095238,
    "f1_micro":0.5238095238
}