{
    "acc":0.4365079365,
    "recall_macro":0.3386719905,
    "precision_macro":0.2745238095,
    "f1_macro":0.2742408404,
    "precision_micro":0.4365079365,
    "recall_micro":0.4365079365,
    "f1_micro":0.4365079365
}