{
    "acc":0.5317460317,
    "recall_macro":0.3851079562,
    "precision_macro":0.421827957,
    "f1_macro":0.367975118,
    "precision_micro":0.5317460317,
    "recall_micro":0.5317460317,
    "f1_micro":0.5317460317
}