{
    "acc":0.5317460317,
    "recall_macro":0.3357734398,
    "precision_macro":0.3184210526,
    "f1_macro":0.3024569584,
    "precision_micro":0.5317460317,
    "recall_micro":0.5317460317,
    "f1_micro":0.5317460317
}