{
    "acc":0.5396825397,
    "recall_macro":0.2508133688,
    "precision_macro":0.2314618644,
    "f1_macro":0.2001125809,
    "precision_micro":0.5396825397,
    "recall_micro":0.5396825397,
    "f1_micro":0.5396825397
}