{
    "acc":0.4920634921,
    "recall_macro":0.3250517598,
    "precision_macro":0.2753949557,
    "f1_macro":0.2777631779,
    "precision_micro":0.4920634921,
    "recall_micro":0.4920634921,
    "f1_micro":0.4920634921
}