{
    "acc":0.5396825397,
    "recall_macro":0.2670807453,
    "precision_macro":0.265018315,
    "f1_macro":0.2573575949,
    "precision_micro":0.5396825397,
    "recall_micro":0.5396825397,
    "f1_micro":0.5396825397
}