{
    "acc":0.5079365079,
    "recall_macro":0.2886128364,
    "precision_macro":0.297462406,
    "f1_macro":0.2746908144,
    "precision_micro":0.5079365079,
    "recall_micro":0.5079365079,
    "f1_micro":0.5079365079
}