{
    "acc":0.4920634921,
    "recall_macro":0.2320319432,
    "precision_macro":0.207963374,
    "f1_macro":0.2007359307,
    "precision_micro":0.4920634921,
    "recall_micro":0.4920634921,
    "f1_micro":0.4920634921
}