{
    "acc":0.4920634921,
    "recall_macro":0.3247855664,
    "precision_macro":0.2922619048,
    "f1_macro":0.2851177268,
    "precision_micro":0.4920634921,
    "recall_micro":0.4920634921,
    "f1_micro":0.4920634921
}