{
    "acc":0.5476190476,
    "recall_macro":0.3111653357,
    "precision_macro":0.314047619,
    "f1_macro":0.2930262046,
    "precision_micro":0.5476190476,
    "recall_micro":0.5476190476,
    "f1_micro":0.5476190476
}