{
    "acc":0.4920634921,
    "recall_macro":0.2335107956,
    "precision_macro":0.2282352941,
    "f1_macro":0.2111350188,
    "precision_micro":0.4920634921,
    "recall_micro":0.4920634921,
    "f1_micro":0.4920634921
}