{
    "acc":0.5396825397,
    "recall_macro":0.3031055901,
    "precision_macro":0.2966117216,
    "f1_macro":0.2697645713,
    "precision_micro":0.5396825397,
    "recall_micro":0.5396825397,
    "f1_micro":0.5396825397
}