{
    "acc":0.5079365079,
    "recall_macro":0.3234250222,
    "precision_macro":0.2821269089,
    "f1_macro":0.2619829969,
    "precision_micro":0.5079365079,
    "recall_micro":0.5079365079,
    "f1_micro":0.5079365079
}