{
    "acc":0.5079365079,
    "recall_macro":0.3683229814,
    "precision_macro":0.3191436592,
    "f1_macro":0.3058911436,
    "precision_micro":0.5079365079,
    "recall_micro":0.5079365079,
    "f1_micro":0.5079365079
}