{
    "acc":0.5158730159,
    "recall_macro":0.2502957705,
    "precision_macro":0.2728494624,
    "f1_macro":0.2422168545,
    "precision_micro":0.5158730159,
    "recall_micro":0.5158730159,
    "f1_micro":0.5158730159
}