{
    "acc":0.5158730159,
    "recall_macro":0.3270482106,
    "precision_macro":0.2830808081,
    "f1_macro":0.2801932367,
    "precision_micro":0.5158730159,
    "recall_micro":0.5158730159,
    "f1_micro":0.5158730159
}