{
    "acc":0.4444444444,
    "recall_macro":0.2914818101,
    "precision_macro":0.2258762743,
    "f1_macro":0.2298059965,
    "precision_micro":0.4444444444,
    "recall_micro":0.4444444444,
    "f1_micro":0.4444444444
}