{
    "acc":0.5396825397,
    "recall_macro":0.2582076309,
    "precision_macro":0.2454500738,
    "f1_macro":0.2292780749,
    "precision_micro":0.5396825397,
    "recall_micro":0.5396825397,
    "f1_micro":0.5396825397
}