{
    "acc":0.5317460317,
    "recall_macro":0.3068766637,
    "precision_macro":0.3261170213,
    "f1_macro":0.3022808084,
    "precision_micro":0.5317460317,
    "recall_micro":0.5317460317,
    "f1_micro":0.5317460317
}