{
    "acc":0.4603174603,
    "recall_macro":0.2698314108,
    "precision_macro":0.2785814607,
    "f1_macro":0.2635425698,
    "precision_micro":0.4603174603,
    "recall_micro":0.4603174603,
    "f1_micro":0.4603174603
}