{
    "acc":0.5238095238,
    "recall_macro":0.3466725821,
    "precision_macro":0.3038569425,
    "f1_macro":0.3027777778,
    "precision_micro":0.5238095238,
    "recall_micro":0.5238095238,
    "f1_micro":0.5238095238
}