{
    "acc":0.5238095238,
    "recall_macro":0.243566992,
    "precision_macro":0.2051383399,
    "f1_macro":0.1961956522,
    "precision_micro":0.5238095238,
    "recall_micro":0.5238095238,
    "f1_micro":0.5238095238
}