{
    "acc":0.4206349206,
    "recall_macro":0.2820910973,
    "precision_macro":0.2452646038,
    "f1_macro":0.220660845,
    "precision_micro":0.4206349206,
    "recall_micro":0.4206349206,
    "f1_micro":0.4206349206
}