{
    "acc":0.5158730159,
    "recall_macro":0.2429015084,
    "precision_macro":0.2256493506,
    "f1_macro":0.207280305,
    "precision_micro":0.5158730159,
    "recall_micro":0.5158730159,
    "f1_micro":0.5158730159
}