{
    "acc":0.4841269841,
    "recall_macro":0.280700976,
    "precision_macro":0.2711309524,
    "f1_macro":0.2636878608,
    "precision_micro":0.4841269841,
    "recall_micro":0.4841269841,
    "f1_micro":0.4841269841
}