{
    "acc":0.5396825397,
    "recall_macro":0.3842945874,
    "precision_macro":0.3850611377,
    "f1_macro":0.356442577,
    "precision_micro":0.5396825397,
    "recall_micro":0.5396825397,
    "f1_micro":0.5396825397
}