{
    "acc":0.5238095238,
    "recall_macro":0.330671399,
    "precision_macro":0.482257326,
    "f1_macro":0.3468827415,
    "precision_micro":0.5238095238,
    "recall_micro":0.5238095238,
    "f1_micro":0.5238095238
}