{
    "acc":0.5555555556,
    "recall_macro":0.2654540077,
    "precision_macro":0.2824967825,
    "f1_macro":0.2357142857,
    "precision_micro":0.5555555556,
    "recall_micro":0.5555555556,
    "f1_micro":0.5555555556
}