{
    "acc":0.5238095238,
    "recall_macro":0.3829636202,
    "precision_macro":0.3590367965,
    "f1_macro":0.3546382846,
    "precision_micro":0.5238095238,
    "recall_micro":0.5238095238,
    "f1_micro":0.5238095238
}