{
    "acc":0.5158730159,
    "recall_macro":0.2547323277,
    "precision_macro":0.2492831541,
    "f1_macro":0.2447720126,
    "precision_micro":0.5158730159,
    "recall_micro":0.5158730159,
    "f1_micro":0.5158730159
}