{
    "acc":0.4365079365,
    "recall_macro":0.2878586217,
    "precision_macro":0.223992674,
    "f1_macro":0.2250505391,
    "precision_micro":0.4365079365,
    "recall_micro":0.4365079365,
    "f1_micro":0.4365079365
}