{
    "acc":0.5476190476,
    "recall_macro":0.2588731145,
    "precision_macro":0.2477678571,
    "f1_macro":0.2216521968,
    "precision_micro":0.5476190476,
    "recall_micro":0.5476190476,
    "f1_micro":0.5476190476
}