{
    "acc":0.5238095238,
    "recall_macro":0.3247559894,
    "precision_macro":0.2718614719,
    "f1_macro":0.2586206897,
    "precision_micro":0.5238095238,
    "recall_micro":0.5238095238,
    "f1_micro":0.5238095238
}