{
    "acc":0.5,
    "recall_macro":0.3661786454,
    "precision_macro":0.3298463357,
    "f1_macro":0.3204924654,
    "precision_micro":0.5,
    "recall_micro":0.5,
    "f1_micro":0.5
}