{
    "acc":0.5396825397,
    "recall_macro":0.2552499261,
    "precision_macro":0.273531778,
    "f1_macro":0.2203296703,
    "precision_micro":0.5396825397,
    "recall_micro":0.5396825397,
    "f1_micro":0.5396825397
}