{
    "acc":0.5,
    "recall_macro":0.2864685004,
    "precision_macro":0.292163967,
    "f1_macro":0.2640222097,
    "precision_micro":0.5,
    "recall_micro":0.5,
    "f1_micro":0.5
}