{
    "acc":0.5158730159,
    "recall_macro":0.2473380657,
    "precision_macro":0.2601470588,
    "f1_macro":0.2292451139,
    "precision_micro":0.5158730159,
    "recall_micro":0.5158730159,
    "f1_micro":0.5158730159
}