{
    "acc":0.5555555556,
    "recall_macro":0.3525584147,
    "precision_macro":0.3483409321,
    "f1_macro":0.3395280589,
    "precision_micro":0.5555555556,
    "recall_micro":0.5555555556,
    "f1_micro":0.5555555556
}