{
    "acc":0.5,
    "recall_macro":0.3212806862,
    "precision_macro":0.2879611331,
    "f1_macro":0.2835321105,
    "precision_micro":0.5,
    "recall_micro":0.5,
    "f1_micro":0.5
}