{
    "acc":0.5158730159,
    "recall_macro":0.2951937297,
    "precision_macro":0.2940253046,
    "f1_macro":0.2790429323,
    "precision_micro":0.5158730159,
    "recall_micro":0.5158730159,
    "f1_micro":0.5158730159
}