{
    "acc":0.5396825397,
    "recall_macro":0.3379177758,
    "precision_macro":0.312371001,
    "f1_macro":0.3027667207,
    "precision_micro":0.5396825397,
    "recall_micro":0.5396825397,
    "f1_micro":0.5396825397
}