{
    "acc":0.5158730159,
    "recall_macro":0.2951937297,
    "precision_macro":0.3069908815,
    "f1_macro":0.2775425022,
    "precision_micro":0.5158730159,
    "recall_micro":0.5158730159,
    "f1_micro":0.5158730159
}