{
    "acc":0.4841269841,
    "recall_macro":0.2313664596,
    "precision_macro":0.2430383663,
    "f1_macro":0.2126696833,
    "precision_micro":0.4841269841,
    "recall_micro":0.4841269841,
    "f1_micro":0.4841269841
}