{
    "acc":0.5,
    "recall_macro":0.237133984,
    "precision_macro":0.2239495798,
    "f1_macro":0.2092476489,
    "precision_micro":0.5,
    "recall_micro":0.5,
    "f1_micro":0.5
}