{
    "acc":0.5,
    "recall_macro":0.2400916888,
    "precision_macro":0.2611386139,
    "f1_macro":0.2233031674,
    "precision_micro":0.5,
    "recall_micro":0.5,
    "f1_micro":0.5
}