{
    "acc":0.5238095238,
    "recall_macro":0.3800059154,
    "precision_macro":0.3427615862,
    "f1_macro":0.3423611111,
    "precision_micro":0.5238095238,
    "recall_micro":0.5238095238,
    "f1_micro":0.5238095238
}