{
    "acc":0.5396825397,
    "recall_macro":0.2641230405,
    "precision_macro":0.2584795322,
    "f1_macro":0.2496790757,
    "precision_micro":0.5396825397,
    "recall_micro":0.5396825397,
    "f1_micro":0.5396825397
}