{
    "acc":0.5555555556,
    "recall_macro":0.2639751553,
    "precision_macro":0.2752403846,
    "f1_macro":0.2304847621,
    "precision_micro":0.5555555556,
    "recall_micro":0.5555555556,
    "f1_micro":0.5555555556
}