{
    "acc":0.5079365079,
    "recall_macro":0.2915705413,
    "precision_macro":0.325255102,
    "f1_macro":0.2843963814,
    "precision_micro":0.5079365079,
    "recall_micro":0.5079365079,
    "f1_micro":0.5079365079
}