{
    "acc":0.5158730159,
    "recall_macro":0.2458592133,
    "precision_macro":0.2379989213,
    "f1_macro":0.2208434571,
    "precision_micro":0.5158730159,
    "recall_micro":0.5158730159,
    "f1_micro":0.5158730159
}