{
    "acc":0.5,
    "recall_macro":0.3706152026,
    "precision_macro":0.3681318681,
    "f1_macro":0.3476388889,
    "precision_micro":0.5,
    "recall_micro":0.5,
    "f1_micro":0.5
}