{
    "acc":0.5158730159,
    "recall_macro":0.2517746229,
    "precision_macro":0.2597446237,
    "f1_macro":0.2420091324,
    "precision_micro":0.5158730159,
    "recall_micro":0.5158730159,
    "f1_micro":0.5158730159
}