{
    "acc":0.5,
    "recall_macro":0.2430493937,
    "precision_macro":0.2559178744,
    "f1_macro":0.2361111111,
    "precision_micro":0.5,
    "recall_micro":0.5,
    "f1_micro":0.5
}