{
    "acc":0.5396825397,
    "recall_macro":0.2626441881,
    "precision_macro":0.2645833333,
    "f1_macro":0.2491229536,
    "precision_micro":0.5396825397,
    "recall_micro":0.5396825397,
    "f1_micro":0.5396825397
}