{
    "acc":0.5238095238,
    "recall_macro":0.2420881396,
    "precision_macro":0.1980932203,
    "f1_macro":0.1886668543,
    "precision_micro":0.5238095238,
    "recall_micro":0.5238095238,
    "f1_micro":0.5238095238
}