{
    "acc":0.5158730159,
    "recall_macro":0.2532534753,
    "precision_macro":0.2466165414,
    "f1_macro":0.2395074438,
    "precision_micro":0.5158730159,
    "recall_micro":0.5158730159,
    "f1_micro":0.5158730159
}