{
    "acc":0.5158730159,
    "recall_macro":0.3300059154,
    "precision_macro":0.2835626735,
    "f1_macro":0.2805431617,
    "precision_micro":0.5158730159,
    "recall_micro":0.5158730159,
    "f1_micro":0.5158730159
}