{
    "acc":0.5238095238,
    "recall_macro":0.3291925466,
    "precision_macro":0.2946060231,
    "f1_macro":0.2799899447,
    "precision_micro":0.5238095238,
    "recall_micro":0.5238095238,
    "f1_micro":0.5238095238
}