{
    "acc":0.4920634921,
    "recall_macro":0.2423839101,
    "precision_macro":0.2491883117,
    "f1_macro":0.2371577467,
    "precision_micro":0.4920634921,
    "recall_micro":0.4920634921,
    "f1_micro":0.4920634921
}