{
    "acc":0.4920634921,
    "recall_macro":0.234989648,
    "precision_macro":0.2333608361,
    "f1_macro":0.2140035119,
    "precision_micro":0.4920634921,
    "recall_micro":0.4920634921,
    "f1_micro":0.4920634921
}