{
    "acc":0.4682539683,
    "recall_macro":0.2660603372,
    "precision_macro":0.2752525253,
    "f1_macro":0.253065032,
    "precision_micro":0.4682539683,
    "recall_micro":0.4682539683,
    "f1_micro":0.4682539683
}