{
    "acc":0.4444444444,
    "recall_macro":0.2929606625,
    "precision_macro":0.2337121212,
    "f1_macro":0.2335725042,
    "precision_micro":0.4444444444,
    "recall_micro":0.4444444444,
    "f1_micro":0.4444444444
}