{
    "acc":0.5079365079,
    "recall_macro":0.3219461698,
    "precision_macro":0.3151709402,
    "f1_macro":0.2974218503,
    "precision_micro":0.5079365079,
    "recall_micro":0.5079365079,
    "f1_micro":0.5079365079
}