{
    "acc":0.4761904762,
    "recall_macro":0.2321798285,
    "precision_macro":0.2400362319,
    "f1_macro":0.2237726538,
    "precision_micro":0.4761904762,
    "recall_micro":0.4761904762,
    "f1_micro":0.4761904762
}