{
    "acc":0.4603174603,
    "recall_macro":0.3843537415,
    "precision_macro":0.2685507807,
    "f1_macro":0.2769308839,
    "precision_micro":0.4603174603,
    "recall_micro":0.4603174603,
    "f1_micro":0.4603174603
}