{
    "acc":0.4920634921,
    "recall_macro":0.3117420881,
    "precision_macro":0.2693627451,
    "f1_macro":0.2702268995,
    "precision_micro":0.4920634921,
    "recall_micro":0.4920634921,
    "f1_micro":0.4920634921
}