{
    "acc":0.5555555556,
    "recall_macro":0.3162673765,
    "precision_macro":0.3478985507,
    "f1_macro":0.310486522,
    "precision_micro":0.5555555556,
    "recall_micro":0.5555555556,
    "f1_micro":0.5555555556
}