{
    "acc":0.5634920635,
    "recall_macro":0.2675983437,
    "precision_macro":0.2678571429,
    "f1_macro":0.2323511357,
    "precision_micro":0.5634920635,
    "recall_micro":0.5634920635,
    "f1_micro":0.5634920635
}