{
    "acc":0.5,
    "recall_macro":0.3153652765,
    "precision_macro":0.2675,
    "f1_macro":0.2632571088,
    "precision_micro":0.5,
    "recall_micro":0.5,
    "f1_micro":0.5
}