{
    "acc":0.4841269841,
    "recall_macro":0.232845312,
    "precision_macro":0.2332589286,
    "f1_macro":0.2177489177,
    "precision_micro":0.4841269841,
    "recall_micro":0.4841269841,
    "f1_micro":0.4841269841
}