{
    "acc":0.5158730159,
    "recall_macro":0.328527063,
    "precision_macro":0.3003720238,
    "f1_macro":0.293452381,
    "precision_micro":0.5158730159,
    "recall_micro":0.5158730159,
    "f1_micro":0.5158730159
}