{
    "acc":0.5238095238,
    "recall_macro":0.2539189589,
    "precision_macro":0.2604617605,
    "f1_macro":0.2380952381,
    "precision_micro":0.5238095238,
    "recall_micro":0.5238095238,
    "f1_micro":0.5238095238
}