{
    "acc":0.5396825397,
    "recall_macro":0.2611653357,
    "precision_macro":0.2644230769,
    "f1_macro":0.2400938259,
    "precision_micro":0.5396825397,
    "recall_micro":0.5396825397,
    "f1_micro":0.5396825397
}