{
    "acc":0.4761904762,
    "recall_macro":0.2741200828,
    "precision_macro":0.2616531355,
    "f1_macro":0.2494413292,
    "precision_micro":0.4761904762,
    "recall_micro":0.4761904762,
    "f1_micro":0.4761904762
}