{
    "acc":0.4761904762,
    "recall_macro":0.2800354925,
    "precision_macro":0.2671685341,
    "f1_macro":0.262987013,
    "precision_micro":0.4761904762,
    "recall_micro":0.4761904762,
    "f1_micro":0.4761904762
}