{
    "acc":0.5317460317,
    "recall_macro":0.3836291038,
    "precision_macro":0.4161629594,
    "f1_macro":0.3560173085,
    "precision_micro":0.5317460317,
    "recall_micro":0.5317460317,
    "f1_micro":0.5317460317
}