{
    "acc":0.4682539683,
    "recall_macro":0.2226412304,
    "precision_macro":0.2207352941,
    "f1_macro":0.2022592792,
    "precision_micro":0.4682539683,
    "recall_micro":0.4682539683,
    "f1_micro":0.4682539683
}