{
    "acc":0.5476190476,
    "recall_macro":0.2633096717,
    "precision_macro":0.2888888889,
    "f1_macro":0.2398040254,
    "precision_micro":0.5476190476,
    "recall_micro":0.5476190476,
    "f1_micro":0.5476190476
}