{
    "acc":0.5317460317,
    "recall_macro":0.2531055901,
    "precision_macro":0.250884434,
    "f1_macro":0.2252747253,
    "precision_micro":0.5317460317,
    "recall_micro":0.5317460317,
    "f1_micro":0.5317460317
}