{
    "acc":0.5476190476,
    "recall_macro":0.3489352263,
    "precision_macro":0.3060989011,
    "f1_macro":0.2981743763,
    "precision_micro":0.5476190476,
    "recall_micro":0.5476190476,
    "f1_micro":0.5476190476
}