{
    "acc":0.4523809524,
    "recall_macro":0.216873706,
    "precision_macro":0.2135416667,
    "f1_macro":0.2015151515,
    "precision_micro":0.4523809524,
    "recall_micro":0.4523809524,
    "f1_micro":0.4523809524
}