{
    "acc":0.4365079365,
    "recall_macro":0.2922951789,
    "precision_macro":0.2501758912,
    "f1_macro":0.2419004581,
    "precision_micro":0.4365079365,
    "recall_micro":0.4365079365,
    "f1_micro":0.4365079365
}