{
    "acc":0.5555555556,
    "recall_macro":0.3496007098,
    "precision_macro":0.3175244011,
    "f1_macro":0.3125415835,
    "precision_micro":0.5555555556,
    "recall_micro":0.5555555556,
    "f1_micro":0.5555555556
}