{
    "acc":0.5079365079,
    "recall_macro":0.2960070985,
    "precision_macro":0.2967067028,
    "f1_macro":0.288315482,
    "precision_micro":0.5079365079,
    "recall_micro":0.5079365079,
    "f1_micro":0.5079365079
}