{
    "acc":0.5317460317,
    "recall_macro":0.3416888495,
    "precision_macro":0.3148550725,
    "f1_macro":0.3183033257,
    "precision_micro":0.5317460317,
    "recall_micro":0.5317460317,
    "f1_micro":0.5317460317
}