{
    "acc":0.5317460317,
    "recall_macro":0.2516267377,
    "precision_macro":0.275,
    "f1_macro":0.2203910615,
    "precision_micro":0.5317460317,
    "recall_micro":0.5317460317,
    "f1_micro":0.5317460317
}