{
    "acc":0.5,
    "recall_macro":0.2415705413,
    "precision_macro":0.250255102,
    "f1_macro":0.226894038,
    "precision_micro":0.5,
    "recall_micro":0.5,
    "f1_micro":0.5
}