{
    "acc":0.5079365079,
    "recall_macro":0.2451937297,
    "precision_macro":0.2486386139,
    "f1_macro":0.2269820972,
    "precision_micro":0.5079365079,
    "recall_micro":0.5079365079,
    "f1_micro":0.5079365079
}