{
    "acc":0.5317460317,
    "recall_macro":0.3865868086,
    "precision_macro":0.3545906902,
    "f1_macro":0.3488026001,
    "precision_micro":0.5317460317,
    "recall_micro":0.5317460317,
    "f1_micro":0.5317460317
}