{
    "acc":0.5079365079,
    "recall_macro":0.3278615794,
    "precision_macro":0.2885714286,
    "f1_macro":0.2868243243,
    "precision_micro":0.5079365079,
    "recall_micro":0.5079365079,
    "f1_micro":0.5079365079
}