{
    "acc":0.4841269841,
    "recall_macro":0.2269299024,
    "precision_macro":0.2113570392,
    "f1_macro":0.1951152074,
    "precision_micro":0.4841269841,
    "recall_micro":0.4841269841,
    "f1_micro":0.4841269841
}