{
    "acc":0.4682539683,
    "recall_macro":0.2660603372,
    "precision_macro":0.2771568627,
    "f1_macro":0.2525663439,
    "precision_micro":0.4682539683,
    "recall_micro":0.4682539683,
    "f1_micro":0.4682539683
}