{
    "acc":0.5396825397,
    "recall_macro":0.3090209997,
    "precision_macro":0.333432461,
    "f1_macro":0.3045080321,
    "precision_micro":0.5396825397,
    "recall_micro":0.5396825397,
    "f1_micro":0.5396825397
}