{
    "acc":0.4841269841,
    "recall_macro":0.250591541,
    "precision_macro":0.2346673597,
    "f1_macro":0.2423665443,
    "precision_micro":0.4841269841,
    "recall_micro":0.4841269841,
    "f1_micro":0.4841269841
}