{
    "acc":0.5634920635,
    "recall_macro":0.2675983437,
    "precision_macro":0.2874262537,
    "f1_macro":0.233201225,
    "precision_micro":0.5634920635,
    "recall_micro":0.5634920635,
    "f1_micro":0.5634920635
}