{
    "acc":0.5396825397,
    "recall_macro":0.2626441881,
    "precision_macro":0.2630208333,
    "f1_macro":0.2480697385,
    "precision_micro":0.5396825397,
    "recall_micro":0.5396825397,
    "f1_micro":0.5396825397
}