{
    "acc":0.5079365079,
    "recall_macro":0.2960070985,
    "precision_macro":0.3701149425,
    "f1_macro":0.3087290068,
    "precision_micro":0.5079365079,
    "recall_micro":0.5079365079,
    "f1_micro":0.5079365079
}