{
    "acc":0.5396825397,
    "recall_macro":0.2567287785,
    "precision_macro":0.2636363636,
    "f1_macro":0.225946617,
    "precision_micro":0.5396825397,
    "recall_micro":0.5396825397,
    "f1_micro":0.5396825397
}