{
    "acc":0.5555555556,
    "recall_macro":0.2580597456,
    "precision_macro":0.3294491525,
    "f1_macro":0.2074462718,
    "precision_micro":0.5555555556,
    "recall_micro":0.5555555556,
    "f1_micro":0.5555555556
}