{
    "acc":0.5158730159,
    "recall_macro":0.3749038746,
    "precision_macro":0.3394503546,
    "f1_macro":0.3318716641,
    "precision_micro":0.5158730159,
    "recall_micro":0.5158730159,
    "f1_micro":0.5158730159
}