{
    "acc":0.5555555556,
    "recall_macro":0.2551020408,
    "precision_macro":0.2641129032,
    "f1_macro":0.1885603983,
    "precision_micro":0.5555555556,
    "recall_micro":0.5555555556,
    "f1_micro":0.5555555556
}