{
    "acc":0.5634920635,
    "recall_macro":0.3951641526,
    "precision_macro":0.4591346154,
    "f1_macro":0.3806961824,
    "precision_micro":0.5634920635,
    "recall_micro":0.5634920635,
    "f1_micro":0.5634920635
}