{
    "acc":0.5238095238,
    "recall_macro":0.2480035492,
    "precision_macro":0.2388888889,
    "f1_macro":0.2163665254,
    "precision_micro":0.5238095238,
    "recall_micro":0.5238095238,
    "f1_micro":0.5238095238
}