{
    "acc":0.5238095238,
    "recall_macro":0.3032534753,
    "precision_macro":0.3801328502,
    "f1_macro":0.3149722131,
    "precision_micro":0.5238095238,
    "recall_micro":0.5238095238,
    "f1_micro":0.5238095238
}