{
    "acc":0.4206349206,
    "recall_macro":0.3632800946,
    "precision_macro":0.242849256,
    "f1_macro":0.2460481528,
    "precision_micro":0.4206349206,
    "recall_micro":0.4206349206,
    "f1_micro":0.4206349206
}