{
    "acc":0.4285714286,
    "recall_macro":0.2494232476,
    "precision_macro":0.2193455082,
    "f1_macro":0.2144203835,
    "precision_micro":0.4285714286,
    "recall_micro":0.4285714286,
    "f1_micro":0.4285714286
}