{
    "acc":0.4682539683,
    "recall_macro":0.3097456374,
    "precision_macro":0.264171629,
    "f1_macro":0.2667847503,
    "precision_micro":0.4682539683,
    "recall_micro":0.4682539683,
    "f1_micro":0.4682539683
}