{
    "acc":0.5317460317,
    "recall_macro":0.3113132209,
    "precision_macro":0.5142261689,
    "f1_macro":0.3384757384,
    "precision_micro":0.5317460317,
    "recall_micro":0.5317460317,
    "f1_micro":0.5317460317
}