{
    "acc":0.5,
    "recall_macro":0.2386128364,
    "precision_macro":0.2596153846,
    "f1_macro":0.2174052665,
    "precision_micro":0.5,
    "recall_micro":0.5,
    "f1_micro":0.5
}