{
    "acc":0.3888888889,
    "recall_macro":0.3618308193,
    "precision_macro":0.2675563183,
    "f1_macro":0.2681403852,
    "precision_micro":0.3888888889,
    "recall_micro":0.3888888889,
    "f1_micro":0.3888888889
}