{
    "acc":0.5317460317,
    "recall_macro":0.3357734398,
    "precision_macro":0.2991799438,
    "f1_macro":0.2975670287,
    "precision_micro":0.5317460317,
    "recall_micro":0.5317460317,
    "f1_micro":0.5317460317
}