{
    "acc":0.5079365079,
    "recall_macro":0.2437148773,
    "precision_macro":0.2497249725,
    "f1_macro":0.2244073749,
    "precision_micro":0.5079365079,
    "recall_micro":0.5079365079,
    "f1_micro":0.5079365079
}