{
    "acc":0.4920634921,
    "recall_macro":0.234989648,
    "precision_macro":0.2528052805,
    "f1_macro":0.2164522059,
    "precision_micro":0.4920634921,
    "recall_micro":0.4920634921,
    "f1_micro":0.4920634921
}