{
    "acc":0.5317460317,
    "recall_macro":0.2590209997,
    "precision_macro":0.2638951143,
    "f1_macro":0.2450635877,
    "precision_micro":0.5317460317,
    "recall_micro":0.5317460317,
    "f1_micro":0.5317460317
}