{
    "acc":0.5317460317,
    "recall_macro":0.245711328,
    "precision_macro":0.21875,
    "f1_macro":0.1901394901,
    "precision_micro":0.5317460317,
    "recall_micro":0.5317460317,
    "f1_micro":0.5317460317
}