{
    "acc":0.4285714286,
    "recall_macro":0.2797988761,
    "precision_macro":0.2010416667,
    "f1_macro":0.2082859848,
    "precision_micro":0.4285714286,
    "recall_micro":0.4285714286,
    "f1_micro":0.4285714286
}