{
    "acc":0.4920634921,
    "recall_macro":0.2335107956,
    "precision_macro":0.2193298969,
    "f1_macro":0.2121529597,
    "precision_micro":0.4920634921,
    "recall_micro":0.4920634921,
    "f1_micro":0.4920634921
}