{
    "acc":0.5317460317,
    "recall_macro":0.3357734398,
    "precision_macro":0.344254386,
    "f1_macro":0.3181488572,
    "precision_micro":0.5317460317,
    "recall_micro":0.5317460317,
    "f1_micro":0.5317460317
}