{
    "acc":0.5555555556,
    "recall_macro":0.2684117125,
    "precision_macro":0.2632783883,
    "f1_macro":0.2448389761,
    "precision_micro":0.5555555556,
    "recall_micro":0.5555555556,
    "f1_micro":0.5555555556
}