{
    "acc":0.5317460317,
    "recall_macro":0.2590209997,
    "precision_macro":0.2653985507,
    "f1_macro":0.2460858586,
    "precision_micro":0.5317460317,
    "recall_micro":0.5317460317,
    "f1_micro":0.5317460317
}