{
    "acc":0.5,
    "recall_macro":0.3183229814,
    "precision_macro":0.2917525773,
    "f1_macro":0.2878158597,
    "precision_micro":0.5,
    "recall_micro":0.5,
    "f1_micro":0.5
}