{
    "acc":0.4920634921,
    "recall_macro":0.2858030169,
    "precision_macro":0.2803030303,
    "f1_macro":0.264133227,
    "precision_micro":0.4920634921,
    "recall_micro":0.4920634921,
    "f1_micro":0.4920634921
}