{
    "acc":0.5317460317,
    "recall_macro":0.3387311446,
    "precision_macro":0.3093201754,
    "f1_macro":0.3055253926,
    "precision_micro":0.5317460317,
    "recall_micro":0.5317460317,
    "f1_micro":0.5317460317
}