{
    "acc":0.4682539683,
    "recall_macro":0.2255989352,
    "precision_macro":0.2196969697,
    "f1_macro":0.2081237425,
    "precision_micro":0.4682539683,
    "recall_micro":0.4682539683,
    "f1_micro":0.4682539683
}