{
    "acc":0.5396825397,
    "recall_macro":0.2522922212,
    "precision_macro":0.2478632479,
    "f1_macro":0.2065257694,
    "precision_micro":0.5396825397,
    "recall_micro":0.5396825397,
    "f1_micro":0.5396825397
}