{
    "acc":0.4523809524,
    "recall_macro":0.2995415558,
    "precision_macro":0.2561407343,
    "f1_macro":0.2534324065,
    "precision_micro":0.4523809524,
    "recall_micro":0.4523809524,
    "f1_micro":0.4523809524
}