{
    "acc":0.5,
    "recall_macro":0.3227595386,
    "precision_macro":0.2771164021,
    "f1_macro":0.2838450292,
    "precision_micro":0.5,
    "recall_micro":0.5,
    "f1_micro":0.5
}