{
    "acc":0.5555555556,
    "recall_macro":0.339248743,
    "precision_macro":0.3774154589,
    "f1_macro":0.3111131934,
    "precision_micro":0.5555555556,
    "recall_micro":0.5555555556,
    "f1_micro":0.5555555556
}