{
    "acc":0.5396825397,
    "recall_macro":0.3104998521,
    "precision_macro":0.3159194529,
    "f1_macro":0.3021892899,
    "precision_micro":0.5396825397,
    "recall_micro":0.5396825397,
    "f1_micro":0.5396825397
}