{
    "acc":0.5317460317,
    "recall_macro":0.2531055901,
    "precision_macro":0.2405558554,
    "f1_macro":0.2215696289,
    "precision_micro":0.5317460317,
    "recall_micro":0.5317460317,
    "f1_micro":0.5317460317
}