{
    "acc":0.4603174603,
    "recall_macro":0.2264123041,
    "precision_macro":0.2347085386,
    "f1_macro":0.2241075918,
    "precision_micro":0.4603174603,
    "recall_micro":0.4603174603,
    "f1_micro":0.4603174603
}