{
    "acc":0.4761904762,
    "recall_macro":0.2292221236,
    "precision_macro":0.2437641723,
    "f1_macro":0.2153901153,
    "precision_micro":0.4761904762,
    "recall_micro":0.4761904762,
    "f1_micro":0.4761904762
}