{
    "acc":0.5396825397,
    "recall_macro":0.2522922212,
    "precision_macro":0.2325020113,
    "f1_macro":0.2091575092,
    "precision_micro":0.5396825397,
    "recall_micro":0.5396825397,
    "f1_micro":0.5396825397
}