{
    "acc":0.5396825397,
    "recall_macro":0.2611653357,
    "precision_macro":0.2586363636,
    "f1_macro":0.2420201683,
    "precision_micro":0.5396825397,
    "recall_micro":0.5396825397,
    "f1_micro":0.5396825397
}