{
    "acc":0.4365079365,
    "recall_macro":0.2893374741,
    "precision_macro":0.2471669916,
    "f1_macro":0.2259943978,
    "precision_micro":0.4365079365,
    "recall_micro":0.4365079365,
    "f1_micro":0.4365079365
}