{
    "acc":0.4920634921,
    "recall_macro":0.2887607217,
    "precision_macro":0.3729474548,
    "f1_macro":0.3064019314,
    "precision_micro":0.4920634921,
    "recall_micro":0.4920634921,
    "f1_micro":0.4920634921
}