{
    "acc":0.5555555556,
    "recall_macro":0.3510795623,
    "precision_macro":0.3340957447,
    "f1_macro":0.3273562783,
    "precision_micro":0.5555555556,
    "recall_micro":0.5555555556,
    "f1_micro":0.5555555556
}