{
    "acc":0.5317460317,
    "recall_macro":0.3387311446,
    "precision_macro":0.3025265957,
    "f1_macro":0.2996096778,
    "precision_micro":0.5317460317,
    "recall_micro":0.5317460317,
    "f1_micro":0.5317460317
}