{
    "acc":0.5079365079,
    "recall_macro":0.2451937297,
    "precision_macro":0.2572368421,
    "f1_macro":0.2329003181,
    "precision_micro":0.5079365079,
    "recall_micro":0.5079365079,
    "f1_micro":0.5079365079
}