{
    "acc":0.5,
    "recall_macro":0.2460070985,
    "precision_macro":0.2665517241,
    "f1_macro":0.2445426195,
    "precision_micro":0.5,
    "recall_micro":0.5,
    "f1_micro":0.5
}