{
    "acc":0.5317460317,
    "recall_macro":0.332815735,
    "precision_macro":0.2906474471,
    "f1_macro":0.2821152704,
    "precision_micro":0.5317460317,
    "recall_micro":0.5317460317,
    "f1_micro":0.5317460317
}