{
    "acc":0.4603174603,
    "recall_macro":0.3031647442,
    "precision_macro":0.268164794,
    "f1_macro":0.2736092605,
    "precision_micro":0.4603174603,
    "recall_micro":0.4603174603,
    "f1_micro":0.4603174603
}