{
    "acc":0.5079365079,
    "recall_macro":0.3293404318,
    "precision_macro":0.2856195381,
    "f1_macro":0.2857943189,
    "precision_micro":0.5079365079,
    "recall_micro":0.5079365079,
    "f1_micro":0.5079365079
}