{
    "acc":0.4523809524,
    "recall_macro":0.2632505176,
    "precision_macro":0.2515312701,
    "f1_macro":0.2450570686,
    "precision_micro":0.4523809524,
    "recall_micro":0.4523809524,
    "f1_micro":0.4523809524
}