{
    "acc":0.5396825397,
    "recall_macro":0.3031055901,
    "precision_macro":0.3159607383,
    "f1_macro":0.2725368842,
    "precision_micro":0.5396825397,
    "recall_micro":0.5396825397,
    "f1_micro":0.5396825397
}