{
    "acc":0.4603174603,
    "recall_macro":0.3002070393,
    "precision_macro":0.2476708075,
    "f1_macro":0.2538906142,
    "precision_micro":0.4603174603,
    "recall_micro":0.4603174603,
    "f1_micro":0.4603174603
}