{
    "acc":0.5555555556,
    "recall_macro":0.394498669,
    "precision_macro":0.390726817,
    "f1_macro":0.3607578397,
    "precision_micro":0.5555555556,
    "recall_micro":0.5555555556,
    "f1_micro":0.5555555556
}