{
    "acc":0.5,
    "recall_macro":0.3212806862,
    "precision_macro":0.2850971492,
    "f1_macro":0.2836805556,
    "precision_micro":0.5,
    "recall_micro":0.5,
    "f1_micro":0.5
}