{
    "acc":0.4920634921,
    "recall_macro":0.3087843833,
    "precision_macro":0.2318452381,
    "f1_macro":0.2367113761,
    "precision_micro":0.4920634921,
    "recall_micro":0.4920634921,
    "f1_micro":0.4920634921
}