{
    "acc":0.5158730159,
    "recall_macro":0.3226116534,
    "precision_macro":0.3409754673,
    "f1_macro":0.3060751748,
    "precision_micro":0.5158730159,
    "recall_micro":0.5158730159,
    "f1_micro":0.5158730159
}