{
    "acc":0.5,
    "recall_macro":0.3212806862,
    "precision_macro":0.2802999346,
    "f1_macro":0.2601845086,
    "precision_micro":0.5,
    "recall_micro":0.5,
    "f1_micro":0.5
}