{
    "acc":0.5317460317,
    "recall_macro":0.2604998521,
    "precision_macro":0.2543402778,
    "f1_macro":0.2456140351,
    "precision_micro":0.5317460317,
    "recall_micro":0.5317460317,
    "f1_micro":0.5317460317
}