{
    "acc":0.5,
    "recall_macro":0.237133984,
    "precision_macro":0.2147058824,
    "f1_macro":0.2101449275,
    "precision_micro":0.5,
    "recall_micro":0.5,
    "f1_micro":0.5
}