{
    "acc":0.5158730159,
    "recall_macro":0.3011091393,
    "precision_macro":0.487071805,
    "f1_macro":0.3209867192,
    "precision_micro":0.5158730159,
    "recall_micro":0.5158730159,
    "f1_micro":0.5158730159
}