{
    "acc":0.5,
    "recall_macro":0.2341762792,
    "precision_macro":0.2122441778,
    "f1_macro":0.1979884016,
    "precision_micro":0.5,
    "recall_micro":0.5,
    "f1_micro":0.5
}