{
    "acc":0.5555555556,
    "recall_macro":0.2639751553,
    "precision_macro":0.2818116463,
    "f1_macro":0.2354288856,
    "precision_micro":0.5555555556,
    "recall_micro":0.5555555556,
    "f1_micro":0.5555555556
}