{
    "acc":0.4523809524,
    "recall_macro":0.3010204082,
    "precision_macro":0.2626331123,
    "f1_macro":0.262007137,
    "precision_micro":0.4523809524,
    "recall_micro":0.4523809524,
    "f1_micro":0.4523809524
}