{
    "acc":0.5079365079,
    "recall_macro":0.2930493937,
    "precision_macro":0.275889871,
    "f1_macro":0.2729296066,
    "precision_micro":0.5079365079,
    "recall_micro":0.5079365079,
    "f1_micro":0.5079365079
}