{
    "acc":0.4920634921,
    "recall_macro":0.282845312,
    "precision_macro":0.2834505619,
    "f1_macro":0.264070443,
    "precision_micro":0.4920634921,
    "recall_micro":0.4920634921,
    "f1_micro":0.4920634921
}