{
    "acc":0.5476190476,
    "recall_macro":0.3430198166,
    "precision_macro":0.3511904762,
    "f1_macro":0.3034688013,
    "precision_micro":0.5476190476,
    "recall_micro":0.5476190476,
    "f1_micro":0.5476190476
}