{
    "acc":0.5634920635,
    "recall_macro":0.3996007098,
    "precision_macro":0.4456068841,
    "f1_macro":0.3860750361,
    "precision_micro":0.5634920635,
    "recall_micro":0.5634920635,
    "f1_micro":0.5634920635
}