{
    "acc":0.5317460317,
    "recall_macro":0.2486690328,
    "precision_macro":0.2290669856,
    "f1_macro":0.2054644809,
    "precision_micro":0.5317460317,
    "recall_micro":0.5317460317,
    "f1_micro":0.5317460317
}