{
    "acc":0.5476190476,
    "recall_macro":0.3575421473,
    "precision_macro":0.4178623188,
    "f1_macro":0.3630834977,
    "precision_micro":0.5476190476,
    "recall_micro":0.5476190476,
    "f1_micro":0.5476190476
}