{
    "acc":0.5158730159,
    "recall_macro":0.2981514345,
    "precision_macro":0.2930555556,
    "f1_macro":0.2804706709,
    "precision_micro":0.5158730159,
    "recall_micro":0.5158730159,
    "f1_micro":0.5158730159
}