{
    "acc":0.5476190476,
    "recall_macro":0.2573942621,
    "precision_macro":0.245759587,
    "f1_macro":0.2168077824,
    "precision_micro":0.5476190476,
    "recall_micro":0.5476190476,
    "f1_micro":0.5476190476
}