{
    "acc":0.5079365079,
    "recall_macro":0.3335107956,
    "precision_macro":0.3066666667,
    "f1_macro":0.3013656837,
    "precision_micro":0.5079365079,
    "recall_micro":0.5079365079,
    "f1_micro":0.5079365079
}