{
    "acc":0.4841269841,
    "recall_macro":0.2792221236,
    "precision_macro":0.2822817914,
    "f1_macro":0.2619808793,
    "precision_micro":0.4841269841,
    "recall_micro":0.4841269841,
    "f1_micro":0.4841269841
}