{
    "acc":0.5476190476,
    "recall_macro":0.2618308193,
    "precision_macro":0.2588507625,
    "f1_macro":0.2329224448,
    "precision_micro":0.5476190476,
    "recall_micro":0.5476190476,
    "f1_micro":0.5476190476
}