{
    "acc":0.5158730159,
    "recall_macro":0.2458592133,
    "precision_macro":0.2588235294,
    "f1_macro":0.2242781433,
    "precision_micro":0.5158730159,
    "recall_micro":0.5158730159,
    "f1_micro":0.5158730159
}