{
    "acc":0.5476190476,
    "recall_macro":0.2633096717,
    "precision_macro":0.254009434,
    "f1_macro":0.2366459627,
    "precision_micro":0.5476190476,
    "recall_micro":0.5476190476,
    "f1_micro":0.5476190476
}