{
    "acc":0.4761904762,
    "recall_macro":0.2247855664,
    "precision_macro":0.2090186404,
    "f1_macro":0.2034313725,
    "precision_micro":0.4761904762,
    "recall_micro":0.4761904762,
    "f1_micro":0.4761904762
}