{
    "acc":0.4682539683,
    "recall_macro":0.2389086069,
    "precision_macro":0.2358058608,
    "f1_macro":0.2362637363,
    "precision_micro":0.4682539683,
    "recall_micro":0.4682539683,
    "f1_micro":0.4682539683
}