{
    "acc":0.4682539683,
    "recall_macro":0.3531647442,
    "precision_macro":0.3185814607,
    "f1_macro":0.313719646,
    "precision_micro":0.4682539683,
    "recall_micro":0.4682539683,
    "f1_micro":0.4682539683
}