{
    "acc":0.5317460317,
    "recall_macro":0.3024401065,
    "precision_macro":0.3135822511,
    "f1_macro":0.289484127,
    "precision_micro":0.5317460317,
    "recall_micro":0.5317460317,
    "f1_micro":0.5317460317
}