{
    "acc":0.5317460317,
    "recall_macro":0.3372522922,
    "precision_macro":0.2938225338,
    "f1_macro":0.2876562218,
    "precision_micro":0.5317460317,
    "recall_micro":0.5317460317,
    "f1_micro":0.5317460317
}