{
    "acc":0.5238095238,
    "recall_macro":0.291422656,
    "precision_macro":0.3444940476,
    "f1_macro":0.272723744,
    "precision_micro":0.5238095238,
    "recall_micro":0.5238095238,
    "f1_micro":0.5238095238
}