{
    "acc":0.3888888889,
    "recall_macro":0.4400621118,
    "precision_macro":0.2787698413,
    "f1_macro":0.2785125937,
    "precision_micro":0.3888888889,
    "recall_micro":0.3888888889,
    "f1_micro":0.3888888889
}