{
    "acc":0.5396825397,
    "recall_macro":0.2567287785,
    "precision_macro":0.2518983645,
    "f1_macro":0.2271416084,
    "precision_micro":0.5396825397,
    "recall_micro":0.5396825397,
    "f1_micro":0.5396825397
}