{
    "acc":0.5238095238,
    "recall_macro":0.2509612541,
    "precision_macro":0.2367924528,
    "f1_macro":0.2236853002,
    "precision_micro":0.5238095238,
    "recall_micro":0.5238095238,
    "f1_micro":0.5238095238
}