{
    "acc":0.4841269841,
    "recall_macro":0.2284087548,
    "precision_macro":0.2247474747,
    "f1_macro":0.2057291667,
    "precision_micro":0.4841269841,
    "recall_micro":0.4841269841,
    "f1_micro":0.4841269841
}