{
    "acc":0.5555555556,
    "recall_macro":0.3422064478,
    "precision_macro":0.3431818182,
    "f1_macro":0.2893251113,
    "precision_micro":0.5555555556,
    "recall_micro":0.5555555556,
    "f1_micro":0.5555555556
}