{
    "acc":0.5158730159,
    "recall_macro":0.3314847678,
    "precision_macro":0.285485348,
    "f1_macro":0.292609127,
    "precision_micro":0.5158730159,
    "recall_micro":0.5158730159,
    "f1_micro":0.5158730159
}