{
    "acc":0.5317460317,
    "recall_macro":0.380671399,
    "precision_macro":0.3362070892,
    "f1_macro":0.3239142248,
    "precision_micro":0.5317460317,
    "recall_micro":0.5317460317,
    "f1_micro":0.5317460317
}