{
    "acc":0.5238095238,
    "recall_macro":0.3365868086,
    "precision_macro":0.3014430014,
    "f1_macro":0.2805854736,
    "precision_micro":0.5238095238,
    "recall_micro":0.5238095238,
    "f1_micro":0.5238095238
}