{
    "acc":0.5634920635,
    "recall_macro":0.3532238983,
    "precision_macro":0.3325754215,
    "f1_macro":0.3244641669,
    "precision_micro":0.5634920635,
    "recall_micro":0.5634920635,
    "f1_micro":0.5634920635
}