{
    "acc":0.5079365079,
    "recall_macro":0.2466725821,
    "precision_macro":0.2611528822,
    "f1_macro":0.2360627178,
    "precision_micro":0.5079365079,
    "recall_micro":0.5079365079,
    "f1_micro":0.5079365079
}