{
    "acc":0.5476190476,
    "recall_macro":0.3111653357,
    "precision_macro":0.3851010101,
    "f1_macro":0.3144701543,
    "precision_micro":0.5476190476,
    "recall_micro":0.5476190476,
    "f1_micro":0.5476190476
}