{
    "acc":0.5396825397,
    "recall_macro":0.2596864833,
    "precision_macro":0.2755102041,
    "f1_macro":0.2438108857,
    "precision_micro":0.5396825397,
    "recall_micro":0.5396825397,
    "f1_micro":0.5396825397
}