{
    "acc":0.5396825397,
    "recall_macro":0.247855664,
    "precision_macro":0.2195121951,
    "f1_macro":0.1840945513,
    "precision_micro":0.5396825397,
    "recall_micro":0.5396825397,
    "f1_micro":0.5396825397
}