{
    "acc":0.4920634921,
    "recall_macro":0.2798876072,
    "precision_macro":0.2861394558,
    "f1_macro":0.2650023336,
    "precision_micro":0.4920634921,
    "recall_micro":0.4920634921,
    "f1_micro":0.4920634921
}