{
    "acc":0.5317460317,
    "recall_macro":0.2486690328,
    "precision_macro":0.2278656126,
    "f1_macro":0.2045289855,
    "precision_micro":0.5317460317,
    "recall_micro":0.5317460317,
    "f1_micro":0.5317460317
}