{
    "acc":0.4841269841,
    "recall_macro":0.2298876072,
    "precision_macro":0.2406380028,
    "f1_macro":0.2075027685,
    "precision_micro":0.4841269841,
    "recall_micro":0.4841269841,
    "f1_micro":0.4841269841
}