{
    "acc":0.5158730159,
    "recall_macro":0.2429015084,
    "precision_macro":0.2222222222,
    "f1_macro":0.2085540254,
    "precision_micro":0.5158730159,
    "recall_micro":0.5158730159,
    "f1_micro":0.5158730159
}