{
    "acc":0.5317460317,
    "recall_macro":0.2486690328,
    "precision_macro":0.2214912281,
    "f1_macro":0.2049180328,
    "precision_micro":0.5317460317,
    "recall_micro":0.5317460317,
    "f1_micro":0.5317460317
}