{
    "acc":0.4682539683,
    "recall_macro":0.2675391896,
    "precision_macro":0.2648874118,
    "f1_macro":0.2519588157,
    "precision_micro":0.4682539683,
    "recall_micro":0.4682539683,
    "f1_micro":0.4682539683
}