{
    "acc":0.5476190476,
    "recall_macro":0.344498669,
    "precision_macro":0.3047875664,
    "f1_macro":0.3006768859,
    "precision_micro":0.5476190476,
    "recall_micro":0.5476190476,
    "f1_micro":0.5476190476
}