{
    "acc":0.4920634921,
    "recall_macro":0.3655131618,
    "precision_macro":0.3222427766,
    "f1_macro":0.315497759,
    "precision_micro":0.4920634921,
    "recall_micro":0.4920634921,
    "f1_micro":0.4920634921
}