{
    "acc":0.4920634921,
    "recall_macro":0.3684708666,
    "precision_macro":0.3476731602,
    "f1_macro":0.3418994311,
    "precision_micro":0.4920634921,
    "recall_micro":0.4920634921,
    "f1_micro":0.4920634921
}