{
    "acc":0.4603174603,
    "recall_macro":0.2278911565,
    "precision_macro":0.2312260536,
    "f1_macro":0.221577165,
    "precision_micro":0.4603174603,
    "recall_micro":0.4603174603,
    "f1_micro":0.4603174603
}