{
    "acc":0.5714285714,
    "recall_macro":0.3553682343,
    "precision_macro":0.3980582524,
    "f1_macro":0.3497893495,
    "precision_micro":0.5714285714,
    "recall_micro":0.5714285714,
    "f1_micro":0.5714285714
}