{
    "acc":0.5238095238,
    "recall_macro":0.2524401065,
    "precision_macro":0.2491799438,
    "f1_macro":0.2350670287,
    "precision_micro":0.5238095238,
    "recall_micro":0.5238095238,
    "f1_micro":0.5238095238
}