{
    "acc":0.5,
    "recall_macro":0.2864685004,
    "precision_macro":0.3239583333,
    "f1_macro":0.2841073781,
    "precision_micro":0.5,
    "recall_micro":0.5,
    "f1_micro":0.5
}