{
    "acc":0.5158730159,
    "recall_macro":0.2458592133,
    "precision_macro":0.2521806854,
    "f1_macro":0.2194602273,
    "precision_micro":0.5158730159,
    "recall_micro":0.5158730159,
    "f1_micro":0.5158730159
}