{
    "acc":0.5158730159,
    "recall_macro":0.2458592133,
    "precision_macro":0.2327362409,
    "f1_macro":0.2170115332,
    "precision_micro":0.5158730159,
    "recall_micro":0.5158730159,
    "f1_micro":0.5158730159
}