{
    "acc":0.5158730159,
    "recall_macro":0.4301538007,
    "precision_macro":0.5368628037,
    "f1_macro":0.4266071429,
    "precision_micro":0.5158730159,
    "recall_micro":0.5158730159,
    "f1_micro":0.5158730159
}