{
    "acc":0.5,
    "recall_macro":0.2415705413,
    "precision_macro":0.2458897485,
    "f1_macro":0.2290244535,
    "precision_micro":0.5,
    "recall_micro":0.5,
    "f1_micro":0.5
}