{
    "acc":0.5317460317,
    "recall_macro":0.340209997,
    "precision_macro":0.2933516484,
    "f1_macro":0.2882926195,
    "precision_micro":0.5317460317,
    "recall_micro":0.5317460317,
    "f1_micro":0.5317460317
}