{
    "acc":0.5396825397,
    "recall_macro":0.3408754806,
    "precision_macro":0.3277321083,
    "f1_macro":0.3166977324,
    "precision_micro":0.5396825397,
    "recall_micro":0.5396825397,
    "f1_micro":0.5396825397
}