{
    "acc":0.5476190476,
    "recall_macro":0.2647885241,
    "precision_macro":0.2696078431,
    "f1_macro":0.244978388,
    "precision_micro":0.5476190476,
    "recall_micro":0.5476190476,
    "f1_micro":0.5476190476
}