{
    "acc":0.4682539683,
    "recall_macro":0.3053090802,
    "precision_macro":0.2506313131,
    "f1_macro":0.2469040659,
    "precision_micro":0.4682539683,
    "recall_micro":0.4682539683,
    "f1_micro":0.4682539683
}