{
    "acc":0.5079365079,
    "recall_macro":0.318988465,
    "precision_macro":0.2748397436,
    "f1_macro":0.2540682098,
    "precision_micro":0.5079365079,
    "recall_micro":0.5079365079,
    "f1_micro":0.5079365079
}