{
    "acc":0.5158730159,
    "recall_macro":0.328527063,
    "precision_macro":0.3244949495,
    "f1_macro":0.3104040912,
    "precision_micro":0.5158730159,
    "recall_micro":0.5158730159,
    "f1_micro":0.5158730159
}