{
    "acc":0.4603174603,
    "recall_macro":0.3495415558,
    "precision_macro":0.3009036797,
    "f1_macro":0.3077145617,
    "precision_micro":0.4603174603,
    "recall_micro":0.4603174603,
    "f1_micro":0.4603174603
}