{
    "acc":0.5238095238,
    "recall_macro":0.2539189589,
    "precision_macro":0.2386138614,
    "f1_macro":0.2322734499,
    "precision_micro":0.5238095238,
    "recall_micro":0.5238095238,
    "f1_micro":0.5238095238
}