{
    "acc":0.5079365079,
    "recall_macro":0.2900916888,
    "precision_macro":0.2885779741,
    "f1_macro":0.2670308098,
    "precision_micro":0.5079365079,
    "recall_micro":0.5079365079,
    "f1_micro":0.5079365079
}