{
    "acc":0.4841269841,
    "recall_macro":0.3095977521,
    "precision_macro":0.2542323748,
    "f1_macro":0.2435447786,
    "precision_micro":0.4841269841,
    "recall_micro":0.4841269841,
    "f1_micro":0.4841269841
}