{
    "acc":0.5158730159,
    "recall_macro":0.3344424726,
    "precision_macro":0.2865773925,
    "f1_macro":0.2901802839,
    "precision_micro":0.5158730159,
    "recall_micro":0.5158730159,
    "f1_micro":0.5158730159
}