{
    "acc":0.5396825397,
    "recall_macro":0.3438331854,
    "precision_macro":0.3111231884,
    "f1_macro":0.3074440901,
    "precision_micro":0.5396825397,
    "recall_micro":0.5396825397,
    "f1_micro":0.5396825397
}