{
    "acc":0.5317460317,
    "recall_macro":0.340209997,
    "precision_macro":0.3054945055,
    "f1_macro":0.3091720779,
    "precision_micro":0.5317460317,
    "recall_micro":0.5317460317,
    "f1_micro":0.5317460317
}