{
    "acc":0.4920634921,
    "recall_macro":0.3655131618,
    "precision_macro":0.3182126697,
    "f1_macro":0.3174658675,
    "precision_micro":0.4920634921,
    "recall_micro":0.4920634921,
    "f1_micro":0.4920634921
}