{
    "acc":0.3650793651,
    "recall_macro":0.382815735,
    "precision_macro":0.2553921569,
    "f1_macro":0.2475923949,
    "precision_micro":0.3650793651,
    "recall_micro":0.3650793651,
    "f1_micro":0.3650793651
}