{
    "acc":0.4603174603,
    "recall_macro":0.2249334516,
    "precision_macro":0.2197204969,
    "f1_macro":0.2140033879,
    "precision_micro":0.4603174603,
    "recall_micro":0.4603174603,
    "f1_micro":0.4603174603
}