{
    "acc":0.4841269841,
    "recall_macro":0.3155131618,
    "precision_macro":0.2732954545,
    "f1_macro":0.2722577818,
    "precision_micro":0.4841269841,
    "recall_micro":0.4841269841,
    "f1_micro":0.4841269841
}