{
    "acc":0.5634920635,
    "recall_macro":0.3517450458,
    "precision_macro":0.3508958039,
    "f1_macro":0.331232493,
    "precision_micro":0.5634920635,
    "recall_micro":0.5634920635,
    "f1_micro":0.5634920635
}