{
    "acc":0.4920634921,
    "recall_macro":0.3117420881,
    "precision_macro":0.2719444444,
    "f1_macro":0.2744224776,
    "precision_micro":0.4920634921,
    "recall_micro":0.4920634921,
    "f1_micro":0.4920634921
}