{
    "acc":0.5238095238,
    "recall_macro":0.2553978113,
    "precision_macro":0.2584541063,
    "f1_macro":0.2400793651,
    "precision_micro":0.5238095238,
    "recall_micro":0.5238095238,
    "f1_micro":0.5238095238
}