{
    "acc":0.4603174603,
    "recall_macro":0.2972493345,
    "precision_macro":0.2401960784,
    "f1_macro":0.2409090909,
    "precision_micro":0.4603174603,
    "recall_micro":0.4603174603,
    "f1_micro":0.4603174603
}