{
    "acc":0.5634920635,
    "recall_macro":0.2661194913,
    "precision_macro":0.278907496,
    "f1_macro":0.2275956284,
    "precision_micro":0.5634920635,
    "recall_micro":0.5634920635,
    "f1_micro":0.5634920635
}