{
    "acc":0.5317460317,
    "recall_macro":0.2604998521,
    "precision_macro":0.2573877069,
    "f1_macro":0.2476590249,
    "precision_micro":0.5317460317,
    "recall_micro":0.5317460317,
    "f1_micro":0.5317460317
}