{
    "acc":0.4523809524,
    "recall_macro":0.2153948536,
    "precision_macro":0.2293882979,
    "f1_macro":0.2025955639,
    "precision_micro":0.4523809524,
    "recall_micro":0.4523809524,
    "f1_micro":0.4523809524
}