{
    "acc":0.4682539683,
    "recall_macro":0.3023513753,
    "precision_macro":0.2715206186,
    "f1_macro":0.2715333383,
    "precision_micro":0.4682539683,
    "recall_micro":0.4682539683,
    "f1_micro":0.4682539683
}