{
    "acc":0.5238095238,
    "recall_macro":0.3017746229,
    "precision_macro":0.374386252,
    "f1_macro":0.3104060765,
    "precision_micro":0.5238095238,
    "recall_micro":0.5238095238,
    "f1_micro":0.5238095238
}