{
    "acc":0.4841269841,
    "recall_macro":0.2866163857,
    "precision_macro":0.2883658009,
    "f1_macro":0.2828630639,
    "precision_micro":0.4841269841,
    "recall_micro":0.4841269841,
    "f1_micro":0.4841269841
}