{
    "acc":0.4603174603,
    "recall_macro":0.2234545992,
    "precision_macro":0.2329545455,
    "f1_macro":0.217694791,
    "precision_micro":0.4603174603,
    "recall_micro":0.4603174603,
    "f1_micro":0.4603174603
}