{
    "acc":0.4444444444,
    "recall_macro":0.2221236321,
    "precision_macro":0.2119843421,
    "f1_macro":0.2155555556,
    "precision_micro":0.4444444444,
    "recall_micro":0.4444444444,
    "f1_micro":0.4444444444
}