{
    "acc":0.5079365079,
    "recall_macro":0.2511091393,
    "precision_macro":0.253219697,
    "f1_macro":0.2446988632,
    "precision_micro":0.5079365079,
    "recall_micro":0.5079365079,
    "f1_micro":0.5079365079
}