{
    "acc":0.4761904762,
    "recall_macro":0.3074534161,
    "precision_macro":0.2507978723,
    "f1_macro":0.2486953786,
    "precision_micro":0.4761904762,
    "recall_micro":0.4761904762,
    "f1_micro":0.4761904762
}