{
    "acc":0.3492063492,
    "recall_macro":0.2524401065,
    "precision_macro":0.217967033,
    "f1_macro":0.2001593011,
    "precision_micro":0.3492063492,
    "recall_micro":0.3492063492,
    "f1_micro":0.3492063492
}