{
    "acc":0.5079365079,
    "recall_macro":0.3219461698,
    "precision_macro":0.2928571429,
    "f1_macro":0.2898178798,
    "precision_micro":0.5079365079,
    "recall_micro":0.5079365079,
    "f1_micro":0.5079365079
}