{
    "acc":0.5476190476,
    "recall_macro":0.2618308193,
    "precision_macro":0.2827653997,
    "f1_macro":0.2348403781,
    "precision_micro":0.5476190476,
    "recall_micro":0.5476190476,
    "f1_micro":0.5476190476
}