{
    "acc":0.4841269841,
    "recall_macro":0.3544957113,
    "precision_macro":0.3211633663,
    "f1_macro":0.3147691463,
    "precision_micro":0.4841269841,
    "recall_micro":0.4841269841,
    "f1_micro":0.4841269841
}