{
    "acc":0.4920634921,
    "recall_macro":0.3132209406,
    "precision_macro":0.3015625,
    "f1_macro":0.2934782609,
    "precision_micro":0.4920634921,
    "recall_micro":0.4920634921,
    "f1_micro":0.4920634921
}