{
    "acc":0.4920634921,
    "recall_macro":0.234989648,
    "precision_macro":0.2461703431,
    "f1_macro":0.2196969697,
    "precision_micro":0.4920634921,
    "recall_micro":0.4920634921,
    "f1_micro":0.4920634921
}