{
    "acc":0.5158730159,
    "recall_macro":0.3300059154,
    "precision_macro":0.2967391304,
    "f1_macro":0.2977694309,
    "precision_micro":0.5158730159,
    "recall_micro":0.5158730159,
    "f1_micro":0.5158730159
}