{
    "acc":0.5158730159,
    "recall_macro":0.328527063,
    "precision_macro":0.2884868421,
    "f1_macro":0.2783548636,
    "precision_micro":0.5158730159,
    "recall_micro":0.5158730159,
    "f1_micro":0.5158730159
}