{
    "acc":0.5396825397,
    "recall_macro":0.2582076309,
    "precision_macro":0.2722222222,
    "f1_macro":0.2319915254,
    "precision_micro":0.5396825397,
    "recall_micro":0.5396825397,
    "f1_micro":0.5396825397
}