{
    "acc":0.5079365079,
    "recall_macro":0.326382727,
    "precision_macro":0.2802936311,
    "f1_macro":0.2858024691,
    "precision_micro":0.5079365079,
    "recall_micro":0.5079365079,
    "f1_micro":0.5079365079
}