{
    "acc":0.5396825397,
    "recall_macro":0.382815735,
    "precision_macro":0.4985259434,
    "f1_macro":0.3938461538,
    "precision_micro":0.5396825397,
    "recall_micro":0.5396825397,
    "f1_micro":0.5396825397
}