{
    "acc":0.5396825397,
    "recall_macro":0.3857734398,
    "precision_macro":0.4207167403,
    "f1_macro":0.3629565883,
    "precision_micro":0.5396825397,
    "recall_micro":0.5396825397,
    "f1_micro":0.5396825397
}