{
    "acc":0.4603174603,
    "recall_macro":0.2219757468,
    "precision_macro":0.2253176931,
    "f1_macro":0.2106590158,
    "precision_micro":0.4603174603,
    "recall_micro":0.4603174603,
    "f1_micro":0.4603174603
}