{
    "acc":0.4841269841,
    "recall_macro":0.2358030169,
    "precision_macro":0.2458333333,
    "f1_macro":0.2288705092,
    "precision_micro":0.4841269841,
    "recall_micro":0.4841269841,
    "f1_micro":0.4841269841
}