{
    "acc":0.5238095238,
    "recall_macro":0.338065661,
    "precision_macro":0.292654454,
    "f1_macro":0.3024691358,
    "precision_micro":0.5238095238,
    "recall_micro":0.5238095238,
    "f1_micro":0.5238095238
}