{
    "acc":0.5476190476,
    "recall_macro":0.3430198166,
    "precision_macro":0.3404411765,
    "f1_macro":0.3210653445,
    "precision_micro":0.5476190476,
    "recall_micro":0.5476190476,
    "f1_micro":0.5476190476
}