{
    "acc":0.5396825397,
    "recall_macro":0.2537710736,
    "precision_macro":0.2568181818,
    "f1_macro":0.2176443203,
    "precision_micro":0.5396825397,
    "recall_micro":0.5396825397,
    "f1_micro":0.5396825397
}