{
    "acc":0.5,
    "recall_macro":0.3183229814,
    "precision_macro":0.2726608187,
    "f1_macro":0.27071662,
    "precision_micro":0.5,
    "recall_micro":0.5,
    "f1_micro":0.5
}