{
    "acc":0.5476190476,
    "recall_macro":0.2662673765,
    "precision_macro":0.2714646465,
    "f1_macro":0.2500838364,
    "precision_micro":0.5476190476,
    "recall_micro":0.5476190476,
    "f1_micro":0.5476190476
}