{
    "acc":0.5079365079,
    "recall_macro":0.287133984,
    "precision_macro":0.2898986327,
    "f1_macro":0.2607206519,
    "precision_micro":0.5079365079,
    "recall_micro":0.5079365079,
    "f1_micro":0.5079365079
}