{
    "acc":0.5158730159,
    "recall_macro":0.241422656,
    "precision_macro":0.2130837912,
    "f1_macro":0.2007663518,
    "precision_micro":0.5158730159,
    "recall_micro":0.5158730159,
    "f1_micro":0.5158730159
}