{
    "acc":0.5317460317,
    "recall_macro":0.340209997,
    "precision_macro":0.2951770452,
    "f1_macro":0.2976973684,
    "precision_micro":0.5317460317,
    "recall_micro":0.5317460317,
    "f1_micro":0.5317460317
}