{
    "acc":0.3968253968,
    "recall_macro":0.2712215321,
    "precision_macro":0.2368022329,
    "f1_macro":0.2104577198,
    "precision_micro":0.3968253968,
    "recall_micro":0.3968253968,
    "f1_micro":0.3968253968
}