{
    "acc":0.5555555556,
    "recall_macro":0.3930198166,
    "precision_macro":0.4227994228,
    "f1_macro":0.3857142857,
    "precision_micro":0.5555555556,
    "recall_micro":0.5555555556,
    "f1_micro":0.5555555556
}