{
    "acc":0.5079365079,
    "recall_macro":0.326382727,
    "precision_macro":0.2820778256,
    "f1_macro":0.2767361111,
    "precision_micro":0.5079365079,
    "recall_micro":0.5079365079,
    "f1_micro":0.5079365079
}