{
    "acc":0.4761904762,
    "recall_macro":0.310411121,
    "precision_macro":0.2531767109,
    "f1_macro":0.2547529446,
    "precision_micro":0.4761904762,
    "recall_micro":0.4761904762,
    "f1_micro":0.4761904762
}