{
    "acc":0.4761904762,
    "recall_macro":0.3567879326,
    "precision_macro":0.3095545977,
    "f1_macro":0.3071566561,
    "precision_micro":0.4761904762,
    "recall_micro":0.4761904762,
    "f1_micro":0.4761904762
}