{
    "acc":0.5158730159,
    "recall_macro":0.2981514345,
    "precision_macro":0.3053092987,
    "f1_macro":0.2905006637,
    "precision_micro":0.5158730159,
    "recall_micro":0.5158730159,
    "f1_micro":0.5158730159
}