{
    "acc":0.4523809524,
    "recall_macro":0.2124371488,
    "precision_macro":0.1936881188,
    "f1_macro":0.1866515837,
    "precision_micro":0.4523809524,
    "recall_micro":0.4523809524,
    "f1_micro":0.4523809524
}