{
    "acc":0.5317460317,
    "recall_macro":0.3083555161,
    "precision_macro":0.515974766,
    "f1_macro":0.3344846491,
    "precision_micro":0.5317460317,
    "recall_micro":0.5317460317,
    "f1_micro":0.5317460317
}