{
    "acc":0.5317460317,
    "recall_macro":0.3053978113,
    "precision_macro":0.3308551414,
    "f1_macro":0.3014959839,
    "precision_micro":0.5317460317,
    "recall_micro":0.5317460317,
    "f1_micro":0.5317460317
}