{
    "acc":0.5317460317,
    "recall_macro":0.3372522922,
    "precision_macro":0.3080827068,
    "f1_macro":0.2977158343,
    "precision_micro":0.5317460317,
    "recall_micro":0.5317460317,
    "f1_micro":0.5317460317
}