{
    "acc":0.4126984127,
    "recall_macro":0.2525288376,
    "precision_macro":0.2509603073,
    "f1_macro":0.243706446,
    "precision_micro":0.4126984127,
    "recall_micro":0.4126984127,
    "f1_micro":0.4126984127
}