{
    "acc":0.4920634921,
    "recall_macro":0.2813664596,
    "precision_macro":0.2952302632,
    "f1_macro":0.2706625074,
    "precision_micro":0.4920634921,
    "recall_micro":0.4920634921,
    "f1_micro":0.4920634921
}