{
    "acc":0.5317460317,
    "recall_macro":0.3357734398,
    "precision_macro":0.3064393939,
    "f1_macro":0.2973602484,
    "precision_micro":0.5317460317,
    "recall_micro":0.5317460317,
    "f1_micro":0.5317460317
}