{
    "acc":0.4920634921,
    "recall_macro":0.3176574978,
    "precision_macro":0.2710674157,
    "f1_macro":0.2793230439,
    "precision_micro":0.4920634921,
    "recall_micro":0.4920634921,
    "f1_micro":0.4920634921
}