{
    "acc":0.5396825397,
    "recall_macro":0.2596864833,
    "precision_macro":0.2489697802,
    "f1_macro":0.2348059455,
    "precision_micro":0.5396825397,
    "recall_micro":0.5396825397,
    "f1_micro":0.5396825397
}