{
    "acc":0.5238095238,
    "recall_macro":0.2465246968,
    "precision_macro":0.224537037,
    "f1_macro":0.2113788842,
    "precision_micro":0.5238095238,
    "recall_micro":0.5238095238,
    "f1_micro":0.5238095238
}