{
    "acc":0.5158730159,
    "recall_macro":0.241422656,
    "precision_macro":0.2143104643,
    "f1_macro":0.201702509,
    "precision_micro":0.5158730159,
    "recall_micro":0.5158730159,
    "f1_micro":0.5158730159
}