{
    "acc":0.4920634921,
    "recall_macro":0.234989648,
    "precision_macro":0.2611386139,
    "f1_macro":0.2173202614,
    "precision_micro":0.4920634921,
    "recall_micro":0.4920634921,
    "f1_micro":0.4920634921
}