{
    "acc":0.5079365079,
    "recall_macro":0.3234250222,
    "precision_macro":0.2741815476,
    "f1_macro":0.2738095238,
    "precision_micro":0.5079365079,
    "recall_micro":0.5079365079,
    "f1_micro":0.5079365079
}