{
    "acc":0.3888888889,
    "recall_macro":0.2897811298,
    "precision_macro":0.2340784596,
    "f1_macro":0.2413707619,
    "precision_micro":0.3888888889,
    "recall_micro":0.3888888889,
    "f1_micro":0.3888888889
}