{
    "acc":0.5476190476,
    "recall_macro":0.3430198166,
    "precision_macro":0.3187285223,
    "f1_macro":0.300430578,
    "precision_micro":0.5476190476,
    "recall_micro":0.5476190476,
    "f1_micro":0.5476190476
}