{
    "acc":0.3650793651,
    "recall_macro":0.4247559894,
    "precision_macro":0.2610953624,
    "f1_macro":0.2466584816,
    "precision_micro":0.3650793651,
    "recall_micro":0.3650793651,
    "f1_micro":0.3650793651
}