{
    "acc":0.5396825397,
    "recall_macro":0.342354333,
    "precision_macro":0.2990350877,
    "f1_macro":0.3006115872,
    "precision_micro":0.5396825397,
    "recall_micro":0.5396825397,
    "f1_micro":0.5396825397
}