{
    "acc":0.5,
    "recall_macro":0.3706152026,
    "precision_macro":0.3426724138,
    "f1_macro":0.3418803419,
    "precision_micro":0.5,
    "recall_micro":0.5,
    "f1_micro":0.5
}