{
    "acc":0.5,
    "recall_macro":0.2415705413,
    "precision_macro":0.235581189,
    "f1_macro":0.2241766467,
    "precision_micro":0.5,
    "recall_micro":0.5,
    "f1_micro":0.5
}