{
    "acc":0.5158730159,
    "recall_macro":0.3329636202,
    "precision_macro":0.3055555556,
    "f1_macro":0.304969381,
    "precision_micro":0.5158730159,
    "recall_micro":0.5158730159,
    "f1_micro":0.5158730159
}