{
    "acc":0.5238095238,
    "recall_macro":0.2988169181,
    "precision_macro":0.2981060606,
    "f1_macro":0.2830772514,
    "precision_micro":0.5238095238,
    "recall_micro":0.5238095238,
    "f1_micro":0.5238095238
}