{
    "acc":0.5238095238,
    "recall_macro":0.2973380657,
    "precision_macro":0.2939393939,
    "f1_macro":0.2776138716,
    "precision_micro":0.5238095238,
    "recall_micro":0.5238095238,
    "f1_micro":0.5238095238
}