{
    "acc":0.5079365079,
    "recall_macro":0.2886128364,
    "precision_macro":0.2758406433,
    "f1_macro":0.2614320517,
    "precision_micro":0.5079365079,
    "recall_micro":0.5079365079,
    "f1_micro":0.5079365079
}