{
    "acc":0.4761904762,
    "recall_macro":0.2726412304,
    "precision_macro":0.2949312715,
    "f1_macro":0.2656168151,
    "precision_micro":0.4761904762,
    "recall_micro":0.4761904762,
    "f1_micro":0.4761904762
}