{
    "acc":0.5317460317,
    "recall_macro":0.332815735,
    "precision_macro":0.2975490196,
    "f1_macro":0.2880449229,
    "precision_micro":0.5317460317,
    "recall_micro":0.5317460317,
    "f1_micro":0.5317460317
}