{
    "acc":0.4761904762,
    "recall_macro":0.2277432712,
    "precision_macro":0.2310606061,
    "f1_macro":0.2099769012,
    "precision_micro":0.4761904762,
    "recall_micro":0.4761904762,
    "f1_micro":0.4761904762
}