{
    "acc":0.4761904762,
    "recall_macro":0.3059745637,
    "precision_macro":0.2690217391,
    "f1_macro":0.2499328118,
    "precision_micro":0.4761904762,
    "recall_micro":0.4761904762,
    "f1_micro":0.4761904762
}