{
    "acc":0.4841269841,
    "recall_macro":0.312555457,
    "precision_macro":0.2810102302,
    "f1_macro":0.2480291448,
    "precision_micro":0.4841269841,
    "recall_micro":0.4841269841,
    "f1_micro":0.4841269841
}