{
    "acc":0.5476190476,
    "recall_macro":0.3430198166,
    "precision_macro":0.3442078755,
    "f1_macro":0.2975043582,
    "precision_micro":0.5476190476,
    "recall_micro":0.5476190476,
    "f1_micro":0.5476190476
}