{
    "acc":0.5317460317,
    "recall_macro":0.3068766637,
    "precision_macro":0.3500724638,
    "f1_macro":0.3112829444,
    "precision_micro":0.5317460317,
    "recall_micro":0.5317460317,
    "f1_micro":0.5317460317
}