{
    "acc":0.5317460317,
    "recall_macro":0.3387311446,
    "precision_macro":0.3725218081,
    "f1_macro":0.3389959839,
    "precision_micro":0.5317460317,
    "recall_micro":0.5317460317,
    "f1_micro":0.5317460317
}