{
    "acc":0.4682539683,
    "recall_macro":0.2675391896,
    "precision_macro":0.2591746795,
    "f1_macro":0.2342619746,
    "precision_micro":0.4682539683,
    "recall_micro":0.4682539683,
    "f1_micro":0.4682539683
}