{
    "acc":0.5396825397,
    "recall_macro":0.2522922212,
    "precision_macro":0.2300395257,
    "f1_macro":0.2072463768,
    "precision_micro":0.5396825397,
    "recall_micro":0.5396825397,
    "f1_micro":0.5396825397
}