{
    "acc":0.4603174603,
    "recall_macro":0.306122449,
    "precision_macro":0.2624504218,
    "f1_macro":0.2516666667,
    "precision_micro":0.4603174603,
    "recall_micro":0.4603174603,
    "f1_micro":0.4603174603
}