{
    "acc":0.4682539683,
    "recall_macro":0.3067879326,
    "precision_macro":0.2629952201,
    "f1_macro":0.2562788018,
    "precision_micro":0.4682539683,
    "recall_micro":0.4682539683,
    "f1_micro":0.4682539683
}