{
    "acc":0.5476190476,
    "recall_macro":0.3879177758,
    "precision_macro":0.4388027619,
    "f1_macro":0.3879084967,
    "precision_micro":0.5476190476,
    "recall_micro":0.5476190476,
    "f1_micro":0.5476190476
}