{
    "acc":0.5396825397,
    "recall_macro":0.2567287785,
    "precision_macro":0.2732517483,
    "f1_macro":0.2268426744,
    "precision_micro":0.5396825397,
    "recall_micro":0.5396825397,
    "f1_micro":0.5396825397
}