{
    "acc":0.5238095238,
    "recall_macro":0.2539189589,
    "precision_macro":0.252250225,
    "f1_macro":0.2351284176,
    "precision_micro":0.5238095238,
    "recall_micro":0.5238095238,
    "f1_micro":0.5238095238
}