{
    "acc":0.5238095238,
    "recall_macro":0.3814847678,
    "precision_macro":0.4259574468,
    "f1_macro":0.3708295829,
    "precision_micro":0.5238095238,
    "recall_micro":0.5238095238,
    "f1_micro":0.5238095238
}