{
    "acc":0.4761904762,
    "recall_macro":0.310411121,
    "precision_macro":0.2676493193,
    "f1_macro":0.2634023355,
    "precision_micro":0.4761904762,
    "recall_micro":0.4761904762,
    "f1_micro":0.4761904762
}