{
    "acc":0.4920634921,
    "recall_macro":0.322094055,
    "precision_macro":0.3183600713,
    "f1_macro":0.3155949741,
    "precision_micro":0.4920634921,
    "recall_micro":0.4920634921,
    "f1_micro":0.4920634921
}