{
    "acc":0.5555555556,
    "recall_macro":0.3510795623,
    "precision_macro":0.3184375,
    "f1_macro":0.3163083538,
    "precision_micro":0.5555555556,
    "recall_micro":0.5555555556,
    "f1_micro":0.5555555556
}