{
    "acc":0.4761904762,
    "recall_macro":0.2277432712,
    "precision_macro":0.2367795603,
    "f1_macro":0.2107683983,
    "precision_micro":0.4761904762,
    "recall_micro":0.4761904762,
    "f1_micro":0.4761904762
}