{
    "acc":0.8192041522,
    "recall_macro":0.819285205,
    "precision_macro":0.8194250433,
    "f1_macro":0.8191931929,
    "precision_micro":0.8192041522,
    "recall_micro":0.8192041522,
    "f1_micro":0.8192041522
}