{
    "acc":0.5158730159,
    "recall_macro":0.3329636202,
    "precision_macro":0.2864520311,
    "f1_macro":0.2830185005,
    "precision_micro":0.5158730159,
    "recall_micro":0.5158730159,
    "f1_micro":0.5158730159
}