{
    "acc":0.4444444444,
    "recall_macro":0.207335108,
    "precision_macro":0.1825,
    "f1_macro":0.1802422337,
    "precision_micro":0.4444444444,
    "recall_micro":0.4444444444,
    "f1_micro":0.4444444444
}