{
    "acc":0.4920634921,
    "recall_macro":0.2719609583,
    "precision_macro":0.2537254902,
    "f1_macro":0.2540322581,
    "precision_micro":0.4920634921,
    "recall_micro":0.4920634921,
    "f1_micro":0.4920634921
}