{
    "acc":0.4920634921,
    "recall_macro":0.2335107956,
    "precision_macro":0.2270833333,
    "f1_macro":0.2070733864,
    "precision_micro":0.4920634921,
    "recall_micro":0.4920634921,
    "f1_micro":0.4920634921
}