{
    "acc":0.4761904762,
    "recall_macro":0.3163265306,
    "precision_macro":0.2744430366,
    "f1_macro":0.2815861735,
    "precision_micro":0.4761904762,
    "recall_micro":0.4761904762,
    "f1_micro":0.4761904762
}