{
    "acc":0.5476190476,
    "recall_macro":0.3111653357,
    "precision_macro":0.3405340534,
    "f1_macro":0.3035107705,
    "precision_micro":0.5476190476,
    "recall_micro":0.5476190476,
    "f1_micro":0.5476190476
}