{
    "acc":0.4920634921,
    "recall_macro":0.3191363502,
    "precision_macro":0.2666666667,
    "f1_macro":0.2753124234,
    "precision_micro":0.4920634921,
    "recall_micro":0.4920634921,
    "f1_micro":0.4920634921
}