{
    "acc":0.5555555556,
    "recall_macro":0.2639751553,
    "precision_macro":0.2598484848,
    "f1_macro":0.2306651536,
    "precision_micro":0.5555555556,
    "recall_micro":0.5555555556,
    "f1_micro":0.5555555556
}