{
    "acc":0.5555555556,
    "recall_macro":0.3496007098,
    "precision_macro":0.3101988218,
    "f1_macro":0.3021635839,
    "precision_micro":0.5555555556,
    "recall_micro":0.5555555556,
    "f1_micro":0.5555555556
}