{
    "acc":0.5079365079,
    "recall_macro":0.2451937297,
    "precision_macro":0.2638888889,
    "f1_macro":0.2308546553,
    "precision_micro":0.5079365079,
    "recall_micro":0.5079365079,
    "f1_micro":0.5079365079
}