{
    "acc":0.5238095238,
    "recall_macro":0.2539189589,
    "precision_macro":0.259047619,
    "f1_macro":0.2371090448,
    "precision_micro":0.5238095238,
    "recall_micro":0.5238095238,
    "f1_micro":0.5238095238
}