{
    "acc":0.4920634921,
    "recall_macro":0.234989648,
    "precision_macro":0.2488782051,
    "f1_macro":0.2136470376,
    "precision_micro":0.4920634921,
    "recall_micro":0.4920634921,
    "f1_micro":0.4920634921
}