{
    "acc":0.4761904762,
    "recall_macro":0.310411121,
    "precision_macro":0.2703195681,
    "f1_macro":0.2582278481,
    "precision_micro":0.4761904762,
    "recall_micro":0.4761904762,
    "f1_micro":0.4761904762
}