{
    "acc":0.4920634921,
    "recall_macro":0.2364685004,
    "precision_macro":0.2436170213,
    "f1_macro":0.2236151863,
    "precision_micro":0.4920634921,
    "recall_micro":0.4920634921,
    "f1_micro":0.4920634921
}