{
    "acc":0.5158730159,
    "recall_macro":0.3270482106,
    "precision_macro":0.3132933486,
    "f1_macro":0.2625553447,
    "precision_micro":0.5158730159,
    "recall_micro":0.5158730159,
    "f1_micro":0.5158730159
}