{
    "acc":0.5555555556,
    "recall_macro":0.3496007098,
    "precision_macro":0.3300244011,
    "f1_macro":0.3214701549,
    "precision_micro":0.5555555556,
    "recall_micro":0.5555555556,
    "f1_micro":0.5555555556
}