{
    "acc":0.5555555556,
    "recall_macro":0.3177462289,
    "precision_macro":0.3583333333,
    "f1_macro":0.3184722686,
    "precision_micro":0.5555555556,
    "recall_micro":0.5555555556,
    "f1_micro":0.5555555556
}