{
    "acc":0.4841269841,
    "recall_macro":0.2387607217,
    "precision_macro":0.221387468,
    "f1_macro":0.2244630697,
    "precision_micro":0.4841269841,
    "recall_micro":0.4841269841,
    "f1_micro":0.4841269841
}