{
    "acc":0.5396825397,
    "recall_macro":0.342354333,
    "precision_macro":0.2997513876,
    "f1_macro":0.2936225754,
    "precision_micro":0.5396825397,
    "recall_micro":0.5396825397,
    "f1_micro":0.5396825397
}