{
    "acc":0.5634920635,
    "recall_macro":0.348787341,
    "precision_macro":0.5447552448,
    "f1_macro":0.3627004866,
    "precision_micro":0.5634920635,
    "recall_micro":0.5634920635,
    "f1_micro":0.5634920635
}