{
    "acc":0.5634920635,
    "recall_macro":0.2661194913,
    "precision_macro":0.2776679842,
    "f1_macro":0.2266304348,
    "precision_micro":0.5634920635,
    "recall_micro":0.5634920635,
    "f1_micro":0.5634920635
}