{
    "acc":0.5238095238,
    "recall_macro":0.3407571724,
    "precision_macro":0.3103846154,
    "f1_macro":0.2866513966,
    "precision_micro":0.5238095238,
    "recall_micro":0.5238095238,
    "f1_micro":0.5238095238
}