{
    "acc":0.5396825397,
    "recall_macro":0.2641230405,
    "precision_macro":0.2673684211,
    "f1_macro":0.2518127884,
    "precision_micro":0.5396825397,
    "recall_micro":0.5396825397,
    "f1_micro":0.5396825397
}