{
    "acc":0.5079365079,
    "recall_macro":0.3712806862,
    "precision_macro":0.3444658719,
    "f1_macro":0.337191358,
    "precision_micro":0.5079365079,
    "recall_micro":0.5079365079,
    "f1_micro":0.5079365079
}