{
    "acc":0.4761904762,
    "recall_macro":0.27855664,
    "precision_macro":0.2718253968,
    "f1_macro":0.2633222845,
    "precision_micro":0.4761904762,
    "recall_micro":0.4761904762,
    "f1_micro":0.4761904762
}