{
    "acc":0.5158730159,
    "recall_macro":0.3719461698,
    "precision_macro":0.359962406,
    "f1_macro":0.3371908144,
    "precision_micro":0.5158730159,
    "recall_micro":0.5158730159,
    "f1_micro":0.5158730159
}