{
    "acc":0.5158730159,
    "recall_macro":0.2443803608,
    "precision_macro":0.2641509434,
    "f1_macro":0.2177517564,
    "precision_micro":0.5158730159,
    "recall_micro":0.5158730159,
    "f1_micro":0.5158730159
}