loss: 0.3192 - acc: 0.8612 - mean_squared_error: 0.0996 - mean_absolute_error: 0.1977 - val_loss: 0.3336 - val_acc: 0.8545 - val_mean_squared_error: 0.1047 - val_mean_absolute_error: 0.2123

{
    "acc":0.8452122409,
    "recall_macro":0.8455174941,
    "precision_macro":0.8457739605,
    "f1_macro":0.8452020977,
    "precision_micro":0.8452122409,
    "recall_micro":0.8452122409,
    "f1_micro":0.8452122409
}