{
    "acc":0.5396825397,
    "recall_macro":0.2537710736,
    "precision_macro":0.238045738,
    "f1_macro":0.2153225806,
    "precision_micro":0.5396825397,
    "recall_micro":0.5396825397,
    "f1_micro":0.5396825397
}