{
    "acc":0.5555555556,
    "recall_macro":0.2684117125,
    "precision_macro":0.2619047619,
    "f1_macro":0.2438423645,
    "precision_micro":0.5555555556,
    "recall_micro":0.5555555556,
    "f1_micro":0.5555555556
}