{
    "acc":0.5079365079,
    "recall_macro":0.2437148773,
    "precision_macro":0.237254902,
    "f1_macro":0.2217137046,
    "precision_micro":0.5079365079,
    "recall_micro":0.5079365079,
    "f1_micro":0.5079365079
}