{
    "acc":0.4603174603,
    "recall_macro":0.2160603372,
    "precision_macro":0.1975,
    "f1_macro":0.1905325444,
    "precision_micro":0.4603174603,
    "recall_micro":0.4603174603,
    "f1_micro":0.4603174603
}