{
    "acc":0.4365079365,
    "recall_macro":0.205190772,
    "precision_macro":0.1869988545,
    "f1_macro":0.1834652041,
    "precision_micro":0.4365079365,
    "recall_micro":0.4365079365,
    "f1_micro":0.4365079365
}