{
    "acc":0.5158730159,
    "recall_macro":0.3778615794,
    "precision_macro":0.3435033132,
    "f1_macro":0.3434458509,
    "precision_micro":0.5158730159,
    "recall_micro":0.5158730159,
    "f1_micro":0.5158730159
}