{
    "acc":0.4682539683,
    "recall_macro":0.2403874593,
    "precision_macro":0.247553816,
    "f1_macro":0.2432672961,
    "precision_micro":0.4682539683,
    "recall_micro":0.4682539683,
    "f1_micro":0.4682539683
}