{
    "acc":0.5555555556,
    "recall_macro":0.2654540077,
    "precision_macro":0.2934857935,
    "f1_macro":0.2367383513,
    "precision_micro":0.5555555556,
    "recall_micro":0.5555555556,
    "f1_micro":0.5555555556
}