{
    "acc":0.4761904762,
    "recall_macro":0.230700976,
    "precision_macro":0.230638587,
    "f1_macro":0.2170454545,
    "precision_micro":0.4761904762,
    "recall_micro":0.4761904762,
    "f1_micro":0.4761904762
}