{
    "acc":0.5158730159,
    "recall_macro":0.328527063,
    "precision_macro":0.3050629291,
    "f1_macro":0.3016114983,
    "precision_micro":0.5158730159,
    "recall_micro":0.5158730159,
    "f1_micro":0.5158730159
}