{
    "acc":0.5396825397,
    "recall_macro":0.334960071,
    "precision_macro":0.3258566978,
    "f1_macro":0.3035037879,
    "precision_micro":0.5396825397,
    "recall_micro":0.5396825397,
    "f1_micro":0.5396825397
}