{
    "acc":0.5476190476,
    "recall_macro":0.2662673765,
    "precision_macro":0.2706068841,
    "f1_macro":0.2521464646,
    "precision_micro":0.5476190476,
    "recall_micro":0.5476190476,
    "f1_micro":0.5476190476
}