{
    "acc":0.5476190476,
    "recall_macro":0.2573942621,
    "precision_macro":0.2527667984,
    "f1_macro":0.2155797101,
    "precision_micro":0.5476190476,
    "recall_micro":0.5476190476,
    "f1_micro":0.5476190476
}