{
    "acc":0.5158730159,
    "recall_macro":0.3734250222,
    "precision_macro":0.3983600305,
    "f1_macro":0.3686930278,
    "precision_micro":0.5158730159,
    "recall_micro":0.5158730159,
    "f1_micro":0.5158730159
}