{
    "acc":0.5396825397,
    "recall_macro":0.3453120379,
    "precision_macro":0.3020872805,
    "f1_macro":0.3076388889,
    "precision_micro":0.5396825397,
    "recall_micro":0.5396825397,
    "f1_micro":0.5396825397
}