{
    "acc":0.5476190476,
    "recall_macro":0.2529577048,
    "precision_macro":0.262295082,
    "f1_macro":0.1942605947,
    "precision_micro":0.5476190476,
    "recall_micro":0.5476190476,
    "f1_micro":0.5476190476
}