{
    "acc":0.5555555556,
    "recall_macro":0.2713694173,
    "precision_macro":0.2799193187,
    "f1_macro":0.2580321285,
    "precision_micro":0.5555555556,
    "recall_micro":0.5555555556,
    "f1_micro":0.5555555556
}