{
    "acc":0.5079365079,
    "recall_macro":0.2437148773,
    "precision_macro":0.2590612002,
    "f1_macro":0.2272727273,
    "precision_micro":0.5079365079,
    "recall_micro":0.5079365079,
    "f1_micro":0.5079365079
}