{
    "acc":0.5317460317,
    "recall_macro":0.3865868086,
    "precision_macro":0.3659722222,
    "f1_macro":0.3498685485,
    "precision_micro":0.5317460317,
    "recall_micro":0.5317460317,
    "f1_micro":0.5317460317
}