{
    "acc":0.4682539683,
    "recall_macro":0.2196835256,
    "precision_macro":0.2104182226,
    "f1_macro":0.1921417854,
    "precision_micro":0.4682539683,
    "recall_micro":0.4682539683,
    "f1_micro":0.4682539683
}