{
    "acc":0.5555555556,
    "recall_macro":0.2669328601,
    "precision_macro":0.2609444171,
    "f1_macro":0.2394719251,
    "precision_micro":0.5555555556,
    "recall_micro":0.5555555556,
    "f1_micro":0.5555555556
}