{
    "acc":0.5317460317,
    "recall_macro":0.3851079562,
    "precision_macro":0.3636294261,
    "f1_macro":0.343437011,
    "precision_micro":0.5317460317,
    "recall_micro":0.5317460317,
    "f1_micro":0.5317460317
}