{
    "acc":0.5396825397,
    "recall_macro":0.3872522922,
    "precision_macro":0.3596504559,
    "f1_macro":0.3487632681,
    "precision_micro":0.5396825397,
    "recall_micro":0.5396825397,
    "f1_micro":0.5396825397
}