{
    "acc":0.4761904762,
    "recall_macro":0.3044957113,
    "precision_macro":0.2497680891,
    "f1_macro":0.2370734721,
    "precision_micro":0.4761904762,
    "recall_micro":0.4761904762,
    "f1_micro":0.4761904762
}