{
    "acc":0.5079365079,
    "recall_macro":0.23927832,
    "precision_macro":0.2146990741,
    "f1_macro":0.2051282051,
    "precision_micro":0.5079365079,
    "recall_micro":0.5079365079,
    "f1_micro":0.5079365079
}