{
    "acc":0.5317460317,
    "recall_macro":0.3269003253,
    "precision_macro":0.3545258621,
    "f1_macro":0.2965860597,
    "precision_micro":0.5317460317,
    "recall_micro":0.5317460317,
    "f1_micro":0.5317460317
}