{
    "acc":0.4841269841,
    "recall_macro":0.312555457,
    "precision_macro":0.2722567288,
    "f1_macro":0.2686335404,
    "precision_micro":0.4841269841,
    "recall_micro":0.4841269841,
    "f1_micro":0.4841269841
}