{
    "acc":0.5317460317,
    "recall_macro":0.2994824017,
    "precision_macro":0.3292232278,
    "f1_macro":0.2789662328,
    "precision_micro":0.5317460317,
    "recall_micro":0.5317460317,
    "f1_micro":0.5317460317
}