{
    "acc":0.4841269841,
    "recall_macro":0.2446761313,
    "precision_macro":0.2548421808,
    "f1_macro":0.2453921647,
    "precision_micro":0.4841269841,
    "recall_micro":0.4841269841,
    "f1_micro":0.4841269841
}