{
    "acc":0.4920634921,
    "recall_macro":0.2887607217,
    "precision_macro":0.2845545977,
    "f1_macro":0.2811253561,
    "precision_micro":0.4920634921,
    "recall_micro":0.4920634921,
    "f1_micro":0.4920634921
}