{
    "acc":0.5396825397,
    "recall_macro":0.3364389234,
    "precision_macro":0.3291316527,
    "f1_macro":0.3087774295,
    "precision_micro":0.5396825397,
    "recall_micro":0.5396825397,
    "f1_micro":0.5396825397
}