{
    "acc":0.4920634921,
    "recall_macro":0.2394262053,
    "precision_macro":0.2597037794,
    "f1_macro":0.2349794972,
    "precision_micro":0.4920634921,
    "recall_micro":0.4920634921,
    "f1_micro":0.4920634921
}