{
    "acc":0.5396825397,
    "recall_macro":0.3334812186,
    "precision_macro":0.4801948052,
    "f1_macro":0.3378668972,
    "precision_micro":0.5396825397,
    "recall_micro":0.5396825397,
    "f1_micro":0.5396825397
}