{
    "acc":0.4761904762,
    "recall_macro":0.2351375333,
    "precision_macro":0.2348314607,
    "f1_macro":0.2278481013,
    "precision_micro":0.4761904762,
    "recall_micro":0.4761904762,
    "f1_micro":0.4761904762
}