{
    "acc":0.5555555556,
    "recall_macro":0.2610174505,
    "precision_macro":0.2814327485,
    "f1_macro":0.2206990767,
    "precision_micro":0.5555555556,
    "recall_micro":0.5555555556,
    "f1_micro":0.5555555556
}