{
    "acc":0.5317460317,
    "recall_macro":0.2575421473,
    "precision_macro":0.2636363636,
    "f1_macro":0.244203023,
    "precision_micro":0.5317460317,
    "recall_micro":0.5317460317,
    "f1_micro":0.5317460317
}