{
    "acc":0.4920634921,
    "recall_macro":0.3191363502,
    "precision_macro":0.2702486825,
    "f1_macro":0.2596426044,
    "precision_micro":0.4920634921,
    "recall_micro":0.4920634921,
    "f1_micro":0.4920634921
}