{
    "acc":0.5396825397,
    "recall_macro":0.3916888495,
    "precision_macro":0.3774478331,
    "f1_macro":0.3735656748,
    "precision_micro":0.5396825397,
    "recall_micro":0.5396825397,
    "f1_micro":0.5396825397
}