{
    "acc":0.4841269841,
    "recall_macro":0.2358030169,
    "precision_macro":0.2233036707,
    "f1_macro":0.2215099715,
    "precision_micro":0.4841269841,
    "recall_micro":0.4841269841,
    "f1_micro":0.4841269841
}