{
    "acc":0.4523809524,
    "recall_macro":0.216873706,
    "precision_macro":0.2134495939,
    "f1_macro":0.2048611111,
    "precision_micro":0.4523809524,
    "recall_micro":0.4523809524,
    "f1_micro":0.4523809524
}