{
    "acc":0.5555555556,
    "recall_macro":0.3510795623,
    "precision_macro":0.3171801603,
    "f1_macro":0.2962751972,
    "precision_micro":0.5555555556,
    "recall_micro":0.5555555556,
    "f1_micro":0.5555555556
}