{
    "acc":0.5,
    "recall_macro":0.372094055,
    "precision_macro":0.3404761905,
    "f1_macro":0.3320698909,
    "precision_micro":0.5,
    "recall_micro":0.5,
    "f1_micro":0.5
}