{
    "acc":0.5476190476,
    "recall_macro":0.3474563739,
    "precision_macro":0.3143207856,
    "f1_macro":0.3142791411,
    "precision_micro":0.5476190476,
    "recall_micro":0.5476190476,
    "f1_micro":0.5476190476
}