{
    "acc":0.4682539683,
    "recall_macro":0.22855664,
    "precision_macro":0.2224378882,
    "f1_macro":0.217108978,
    "precision_micro":0.4682539683,
    "recall_micro":0.4682539683,
    "f1_micro":0.4682539683
}