{
    "acc":0.4841269841,
    "recall_macro":0.3155131618,
    "precision_macro":0.273989899,
    "f1_macro":0.2693954861,
    "precision_micro":0.4841269841,
    "recall_micro":0.4841269841,
    "f1_micro":0.4841269841
}