{
    "acc":0.4841269841,
    "recall_macro":0.2372818693,
    "precision_macro":0.230755132,
    "f1_macro":0.2279856688,
    "precision_micro":0.4841269841,
    "recall_micro":0.4841269841,
    "f1_micro":0.4841269841
}