{
    "acc":0.5317460317,
    "recall_macro":0.2531055901,
    "precision_macro":0.2457386364,
    "f1_macro":0.2214439192,
    "precision_micro":0.5317460317,
    "recall_micro":0.5317460317,
    "f1_micro":0.5317460317
}