{
    "acc":0.5158730159,
    "recall_macro":0.2488169181,
    "precision_macro":0.25,
    "f1_macro":0.2319503849,
    "precision_micro":0.5158730159,
    "recall_micro":0.5158730159,
    "f1_micro":0.5158730159
}