{
    "acc":0.5158730159,
    "recall_macro":0.2532534753,
    "precision_macro":0.2659574468,
    "f1_macro":0.2447684679,
    "precision_micro":0.5158730159,
    "recall_micro":0.5158730159,
    "f1_micro":0.5158730159
}