{
    "acc":0.5396825397,
    "recall_macro":0.3045844425,
    "precision_macro":0.3108509423,
    "f1_macro":0.2821176885,
    "precision_micro":0.5396825397,
    "recall_micro":0.5396825397,
    "f1_micro":0.5396825397
}