{
    "acc":0.3650793651,
    "recall_macro":0.3393966282,
    "precision_macro":0.2379807692,
    "f1_macro":0.2220258748,
    "precision_micro":0.3650793651,
    "recall_micro":0.3650793651,
    "f1_micro":0.3650793651
}