{
    "acc":0.5238095238,
    "recall_macro":0.243566992,
    "precision_macro":0.2265151515,
    "f1_macro":0.2018397226,
    "precision_micro":0.5238095238,
    "recall_micro":0.5238095238,
    "f1_micro":0.5238095238
}