{
    "acc":0.5238095238,
    "recall_macro":0.2509612541,
    "precision_macro":0.2431972789,
    "f1_macro":0.2307955518,
    "precision_micro":0.5238095238,
    "recall_micro":0.5238095238,
    "f1_micro":0.5238095238
}