{
    "acc":0.5158730159,
    "recall_macro":0.3314847678,
    "precision_macro":0.2876207729,
    "f1_macro":0.2763888889,
    "precision_micro":0.5158730159,
    "recall_micro":0.5158730159,
    "f1_micro":0.5158730159
}