{
    "acc":0.4920634921,
    "recall_macro":0.2320319432,
    "precision_macro":0.2132352941,
    "f1_macro":0.2045454545,
    "precision_micro":0.4920634921,
    "recall_micro":0.4920634921,
    "f1_micro":0.4920634921
}