{
    "acc":0.5317460317,
    "recall_macro":0.3053978113,
    "precision_macro":0.3203494624,
    "f1_macro":0.2996329663,
    "precision_micro":0.5317460317,
    "recall_micro":0.5317460317,
    "f1_micro":0.5317460317
}