{
    "acc":0.5317460317,
    "recall_macro":0.2545844425,
    "precision_macro":0.2820080863,
    "f1_macro":0.2320634921,
    "precision_micro":0.5317460317,
    "recall_micro":0.5317460317,
    "f1_micro":0.5317460317
}