{
    "acc":0.5317460317,
    "recall_macro":0.3372522922,
    "precision_macro":0.2922547847,
    "f1_macro":0.286608788,
    "precision_micro":0.5317460317,
    "recall_micro":0.5317460317,
    "f1_micro":0.5317460317
}