{
    "acc":0.5317460317,
    "recall_macro":0.2980035492,
    "precision_macro":0.3122977346,
    "f1_macro":0.269053478,
    "precision_micro":0.5317460317,
    "recall_micro":0.5317460317,
    "f1_micro":0.5317460317
}