{
    "acc":0.5317460317,
    "recall_macro":0.2471901804,
    "precision_macro":0.2641304348,
    "f1_macro":0.2011857708,
    "precision_micro":0.5317460317,
    "recall_micro":0.5317460317,
    "f1_micro":0.5317460317
}