{
    "acc":0.5317460317,
    "recall_macro":0.2545844425,
    "precision_macro":0.2542211329,
    "f1_macro":0.2272727273,
    "precision_micro":0.5317460317,
    "recall_micro":0.5317460317,
    "f1_micro":0.5317460317
}