{
    "acc":0.4920634921,
    "recall_macro":0.314699793,
    "precision_macro":0.2701704545,
    "f1_macro":0.2754321383,
    "precision_micro":0.4920634921,
    "recall_micro":0.4920634921,
    "f1_micro":0.4920634921
}