{
    "acc":0.5079365079,
    "recall_macro":0.318988465,
    "precision_macro":0.2995535714,
    "f1_macro":0.2884615385,
    "precision_micro":0.5079365079,
    "recall_micro":0.5079365079,
    "f1_micro":0.5079365079
}