{
    "acc":0.5634920635,
    "recall_macro":0.2764714581,
    "precision_macro":0.2834612106,
    "f1_macro":0.2598684211,
    "precision_micro":0.5634920635,
    "recall_micro":0.5634920635,
    "f1_micro":0.5634920635
}