{
    "acc":0.4603174603,
    "recall_macro":0.2308488613,
    "precision_macro":0.2240063593,
    "f1_macro":0.2242524917,
    "precision_micro":0.4603174603,
    "recall_micro":0.4603174603,
    "f1_micro":0.4603174603
}