{
    "acc":0.4603174603,
    "recall_macro":0.3076013014,
    "precision_macro":0.2616161616,
    "f1_macro":0.2616636528,
    "precision_micro":0.4603174603,
    "recall_micro":0.4603174603,
    "f1_micro":0.4603174603
}