{
    "acc":0.5079365079,
    "recall_macro":0.2466725821,
    "precision_macro":0.2542613636,
    "f1_macro":0.2340588988,
    "precision_micro":0.5079365079,
    "recall_micro":0.5079365079,
    "f1_micro":0.5079365079
}