{
    "acc":0.5476190476,
    "recall_macro":0.3938331854,
    "precision_macro":0.3872100122,
    "f1_macro":0.3778064954,
    "precision_micro":0.5476190476,
    "recall_micro":0.5476190476,
    "f1_micro":0.5476190476
}