{
    "acc":0.5158730159,
    "recall_macro":0.3181750961,
    "precision_macro":0.272972973,
    "f1_macro":0.2725047081,
    "precision_micro":0.5158730159,
    "recall_micro":0.5158730159,
    "f1_micro":0.5158730159
}