{
    "acc":0.5238095238,
    "recall_macro":0.3755693582,
    "precision_macro":0.3320684524,
    "f1_macro":0.3158763112,
    "precision_micro":0.5238095238,
    "recall_micro":0.5238095238,
    "f1_micro":0.5238095238
}