{
    "acc":0.4365079365,
    "recall_macro":0.2893374741,
    "precision_macro":0.2462675113,
    "f1_macro":0.2263304965,
    "precision_micro":0.4365079365,
    "recall_micro":0.4365079365,
    "f1_micro":0.4365079365
}