{
    "acc":0.4920634921,
    "recall_macro":0.2335107956,
    "precision_macro":0.2189473684,
    "f1_macro":0.2097981204,
    "precision_micro":0.4920634921,
    "recall_micro":0.4920634921,
    "f1_micro":0.4920634921
}