{
    "acc":0.3571428571,
    "recall_macro":0.3429015084,
    "precision_macro":0.2362638534,
    "f1_macro":0.2352898551,
    "precision_micro":0.3571428571,
    "recall_micro":0.3571428571,
    "f1_micro":0.3571428571
}