{
    "acc":0.4603174603,
    "recall_macro":0.2249334516,
    "precision_macro":0.2261904762,
    "f1_macro":0.2201538843,
    "precision_micro":0.4603174603,
    "recall_micro":0.4603174603,
    "f1_micro":0.4603174603
}