{
    "acc":0.5158730159,
    "recall_macro":0.2922360248,
    "precision_macro":0.2855717368,
    "f1_macro":0.2679364804,
    "precision_micro":0.5158730159,
    "recall_micro":0.5158730159,
    "f1_micro":0.5158730159
}