{
    "acc":0.5396825397,
    "recall_macro":0.3494824017,
    "precision_macro":0.3447680995,
    "f1_macro":0.3235505342,
    "precision_micro":0.5396825397,
    "recall_micro":0.5396825397,
    "f1_micro":0.5396825397
}