{
    "acc":0.5158730159,
    "recall_macro":0.2996302869,
    "precision_macro":0.375,
    "f1_macro":0.3118506494,
    "precision_micro":0.5158730159,
    "recall_micro":0.5158730159,
    "f1_micro":0.5158730159
}