{
    "acc":0.5476190476,
    "recall_macro":0.2633096717,
    "precision_macro":0.2712418301,
    "f1_macro":0.2376733436,
    "precision_micro":0.5476190476,
    "recall_micro":0.5476190476,
    "f1_micro":0.5476190476
}