{
    "acc":0.5634920635,
    "recall_macro":0.3198905649,
    "precision_macro":0.3588435374,
    "f1_macro":0.3166114953,
    "precision_micro":0.5634920635,
    "recall_micro":0.5634920635,
    "f1_micro":0.5634920635
}