{
    "acc":0.5158730159,
    "recall_macro":0.2502957705,
    "precision_macro":0.2579365079,
    "f1_macro":0.2351190476,
    "precision_micro":0.5158730159,
    "recall_micro":0.5158730159,
    "f1_micro":0.5158730159
}