{
    "acc":0.5079365079,
    "recall_macro":0.3219461698,
    "precision_macro":0.2735760971,
    "f1_macro":0.2623616404,
    "precision_micro":0.5079365079,
    "recall_micro":0.5079365079,
    "f1_micro":0.5079365079
}