{
    "acc":0.4126984127,
    "recall_macro":0.2392191659,
    "precision_macro":0.2044699487,
    "f1_macro":0.197166752,
    "precision_micro":0.4126984127,
    "recall_micro":0.4126984127,
    "f1_micro":0.4126984127
}