{
    "acc":0.5476190476,
    "recall_macro":0.344498669,
    "precision_macro":0.3226010101,
    "f1_macro":0.3144701543,
    "precision_micro":0.5476190476,
    "recall_micro":0.5476190476,
    "f1_micro":0.5476190476
}