{
    "acc":0.4920634921,
    "recall_macro":0.2843241644,
    "precision_macro":0.3151800388,
    "f1_macro":0.281626506,
    "precision_micro":0.4920634921,
    "recall_micro":0.4920634921,
    "f1_micro":0.4920634921
}