{
    "acc":0.4841269841,
    "recall_macro":0.2747855664,
    "precision_macro":0.2527281746,
    "f1_macro":0.2438186813,
    "precision_micro":0.4841269841,
    "recall_micro":0.4841269841,
    "f1_micro":0.4841269841
}