{
    "acc":0.5476190476,
    "recall_macro":0.3141230405,
    "precision_macro":0.3237179487,
    "f1_macro":0.3052525253,
    "precision_micro":0.5476190476,
    "recall_micro":0.5476190476,
    "f1_micro":0.5476190476
}