{
    "acc":0.4920634921,
    "recall_macro":0.2364685004,
    "precision_macro":0.2316017316,
    "f1_macro":0.2178571429,
    "precision_micro":0.4920634921,
    "recall_micro":0.4920634921,
    "f1_micro":0.4920634921
}