{
    "acc":0.5396825397,
    "recall_macro":0.3453120379,
    "precision_macro":0.308808096,
    "f1_macro":0.3135351967,
    "precision_micro":0.5396825397,
    "recall_micro":0.5396825397,
    "f1_micro":0.5396825397
}