{
    "acc":0.4841269841,
    "recall_macro":0.2269299024,
    "precision_macro":0.2139423077,
    "f1_macro":0.1969979489,
    "precision_micro":0.4841269841,
    "recall_micro":0.4841269841,
    "f1_micro":0.4841269841
}