{
    "acc":0.5158730159,
    "recall_macro":0.3734250222,
    "precision_macro":0.4076616682,
    "f1_macro":0.3559292502,
    "precision_micro":0.5158730159,
    "recall_micro":0.5158730159,
    "f1_micro":0.5158730159
}