{
    "acc":0.5,
    "recall_macro":0.2400916888,
    "precision_macro":0.2388888889,
    "f1_macro":0.2216614907,
    "precision_micro":0.5,
    "recall_micro":0.5,
    "f1_micro":0.5
}