{
    "acc":0.5158730159,
    "recall_macro":0.3778615794,
    "precision_macro":0.3390086207,
    "f1_macro":0.3304706709,
    "precision_micro":0.5158730159,
    "recall_micro":0.5158730159,
    "f1_micro":0.5158730159
}