{
    "acc":0.5079365079,
    "recall_macro":0.2451937297,
    "precision_macro":0.2518796992,
    "f1_macro":0.2319686411,
    "precision_micro":0.5079365079,
    "recall_micro":0.5079365079,
    "f1_micro":0.5079365079
}