{
    "acc":0.4444444444,
    "recall_macro":0.2959183673,
    "precision_macro":0.2422202797,
    "f1_macro":0.2449583537,
    "precision_micro":0.4444444444,
    "recall_micro":0.4444444444,
    "f1_micro":0.4444444444
}