{
    "acc":0.5476190476,
    "recall_macro":0.3111653357,
    "precision_macro":0.5112044818,
    "f1_macro":0.324352548,
    "precision_micro":0.5476190476,
    "recall_micro":0.5476190476,
    "f1_micro":0.5476190476
}