{
    "acc":0.4841269841,
    "recall_macro":0.2747855664,
    "precision_macro":0.2492087177,
    "f1_macro":0.2478819019,
    "precision_micro":0.4841269841,
    "recall_micro":0.4841269841,
    "f1_micro":0.4841269841
}