{
    "acc":0.4603174603,
    "recall_macro":0.2204968944,
    "precision_macro":0.2235485621,
    "f1_macro":0.2050850461,
    "precision_micro":0.4603174603,
    "recall_micro":0.4603174603,
    "f1_micro":0.4603174603
}