{
    "acc":0.4920634921,
    "recall_macro":0.2305530908,
    "precision_macro":0.2005952381,
    "f1_macro":0.1974358974,
    "precision_micro":0.4920634921,
    "recall_micro":0.4920634921,
    "f1_micro":0.4920634921
}