{
    "acc":0.5238095238,
    "recall_macro":0.2450458444,
    "precision_macro":0.2140912185,
    "f1_macro":0.2025877348,
    "precision_micro":0.5238095238,
    "recall_micro":0.5238095238,
    "f1_micro":0.5238095238
}