{
    "acc":0.4841269841,
    "recall_macro":0.3140343094,
    "precision_macro":0.2715367965,
    "f1_macro":0.2603773585,
    "precision_micro":0.4841269841,
    "recall_micro":0.4841269841,
    "f1_micro":0.4841269841
}