{
    "acc":0.5079365079,
    "recall_macro":0.2466725821,
    "precision_macro":0.2493206522,
    "f1_macro":0.2330808081,
    "precision_micro":0.5079365079,
    "recall_micro":0.5079365079,
    "f1_micro":0.5079365079
}