{
    "acc":0.5317460317,
    "recall_macro":0.2516267377,
    "precision_macro":0.247051114,
    "f1_macro":0.2189673622,
    "precision_micro":0.5317460317,
    "recall_micro":0.5317460317,
    "f1_micro":0.5317460317
}