{
    "acc":0.5476190476,
    "recall_macro":0.3474563739,
    "precision_macro":0.3142281106,
    "f1_macro":0.2918871252,
    "precision_micro":0.5476190476,
    "recall_micro":0.5476190476,
    "f1_micro":0.5476190476
}