{
    "acc":0.5634920635,
    "recall_macro":0.2749926057,
    "precision_macro":0.2997216599,
    "f1_macro":0.2587555253,
    "precision_micro":0.5634920635,
    "recall_micro":0.5634920635,
    "f1_micro":0.5634920635
}