{
    "acc":0.4682539683,
    "recall_macro":0.2196835256,
    "precision_macro":0.2049237171,
    "f1_macro":0.1916297527,
    "precision_micro":0.4682539683,
    "recall_micro":0.4682539683,
    "f1_micro":0.4682539683
}