{
    "acc":0.5396825397,
    "recall_macro":0.3857734398,
    "precision_macro":0.3607142857,
    "f1_macro":0.3520931172,
    "precision_micro":0.5396825397,
    "recall_micro":0.5396825397,
    "f1_micro":0.5396825397
}