{
    "acc":0.5317460317,
    "recall_macro":0.3039189589,
    "precision_macro":0.3190789474,
    "f1_macro":0.2886809269,
    "precision_micro":0.5317460317,
    "recall_micro":0.5317460317,
    "f1_micro":0.5317460317
}