{
    "acc":0.5079365079,
    "recall_macro":0.2945282461,
    "precision_macro":0.3169444444,
    "f1_macro":0.2934018925,
    "precision_micro":0.5079365079,
    "recall_micro":0.5079365079,
    "f1_micro":0.5079365079
}