{
    "acc":0.4920634921,
    "recall_macro":0.3581188997,
    "precision_macro":0.3305830583,
    "f1_macro":0.3098911696,
    "precision_micro":0.4920634921,
    "recall_micro":0.4920634921,
    "f1_micro":0.4920634921
}