{
    "acc":0.5238095238,
    "recall_macro":0.3291925466,
    "precision_macro":0.3032865787,
    "f1_macro":0.2942556127,
    "precision_micro":0.5238095238,
    "recall_micro":0.5238095238,
    "f1_micro":0.5238095238
}