{
    "acc":0.5,
    "recall_macro":0.3676574978,
    "precision_macro":0.3919082126,
    "f1_macro":0.3370859213,
    "precision_micro":0.5,
    "recall_micro":0.5,
    "f1_micro":0.5
}