{
    "acc":0.4920634921,
    "recall_macro":0.3595977521,
    "precision_macro":0.3167239011,
    "f1_macro":0.2921516655,
    "precision_micro":0.4920634921,
    "recall_micro":0.4920634921,
    "f1_micro":0.4920634921
}