{
    "acc":0.4841269841,
    "recall_macro":0.3081188997,
    "precision_macro":0.2531746032,
    "f1_macro":0.2418345543,
    "precision_micro":0.4841269841,
    "recall_micro":0.4841269841,
    "f1_micro":0.4841269841
}