{
    "acc":0.5158730159,
    "recall_macro":0.3270482106,
    "precision_macro":0.2867424242,
    "f1_macro":0.2885349979,
    "precision_micro":0.5158730159,
    "recall_micro":0.5158730159,
    "f1_micro":0.5158730159
}