{
    "acc":0.5317460317,
    "recall_macro":0.2619787045,
    "precision_macro":0.2572302558,
    "f1_macro":0.25,
    "precision_micro":0.5317460317,
    "recall_micro":0.5317460317,
    "f1_micro":0.5317460317
}