{
    "acc":0.5317460317,
    "recall_macro":0.340209997,
    "precision_macro":0.2994505495,
    "f1_macro":0.29875,
    "precision_micro":0.5317460317,
    "recall_micro":0.5317460317,
    "f1_micro":0.5317460317
}