{
    "acc":0.5238095238,
    "recall_macro":0.2929015084,
    "precision_macro":0.3575174825,
    "f1_macro":0.2793489174,
    "precision_micro":0.5238095238,
    "recall_micro":0.5238095238,
    "f1_micro":0.5238095238
}