{
    "acc":0.5158730159,
    "recall_macro":0.3226116534,
    "precision_macro":0.2603253182,
    "f1_macro":0.2516734899,
    "precision_micro":0.5158730159,
    "recall_micro":0.5158730159,
    "f1_micro":0.5158730159
}