{
    "acc":0.4761904762,
    "recall_macro":0.2770777876,
    "precision_macro":0.2940789474,
    "f1_macro":0.2676564157,
    "precision_micro":0.4761904762,
    "recall_micro":0.4761904762,
    "f1_micro":0.4761904762
}