{
    "acc":0.5079365079,
    "recall_macro":0.3727595386,
    "precision_macro":0.4374039939,
    "f1_macro":0.3879288921,
    "precision_micro":0.5079365079,
    "recall_micro":0.5079365079,
    "f1_micro":0.5079365079
}