{
    "acc":0.5317460317,
    "recall_macro":0.332815735,
    "precision_macro":0.2928685897,
    "f1_macro":0.2799219406,
    "precision_micro":0.5317460317,
    "recall_micro":0.5317460317,
    "f1_micro":0.5317460317
}