{
    "acc":0.5317460317,
    "recall_macro":0.3024401065,
    "precision_macro":0.3090111044,
    "f1_macro":0.2773020393,
    "precision_micro":0.5317460317,
    "recall_micro":0.5317460317,
    "f1_micro":0.5317460317
}