{
    "acc":0.5476190476,
    "recall_macro":0.3400621118,
    "precision_macro":0.2976762821,
    "f1_macro":0.2857022874,
    "precision_micro":0.5476190476,
    "recall_micro":0.5476190476,
    "f1_micro":0.5476190476
}