{
    "acc":0.5238095238,
    "recall_macro":0.2450458444,
    "precision_macro":0.222972973,
    "f1_macro":0.2050091075,
    "precision_micro":0.5238095238,
    "recall_micro":0.5238095238,
    "f1_micro":0.5238095238
}