DEUSTO:
{
    "acc":0.8483711747,
    "recall_macro":0.8487589966,
    "precision_macro":0.8493002577,
    "f1_macro":0.8483430297,
    "precision_micro":0.8483711747,
    "recall_micro":0.8483711747,
    "f1_micro":0.8483711747
}

JAPAN:
{
    "acc":0.8503455084,
    "recall_macro":0.8507162184,
    "precision_macro":0.8511923874,
    "f1_macro":0.8503223516,
    "precision_micro":0.8503455084,
    "recall_micro":0.8503455084,
    "f1_micro":0.8503455084
}

F1_SCORE DIFF: 0.0019793219