{
    "acc":0.5317460317,
    "recall_macro":0.2575421473,
    "precision_macro":0.2571331522,
    "f1_macro":0.2421717172,
    "precision_micro":0.5317460317,
    "recall_micro":0.5317460317,
    "f1_micro":0.5317460317
}