{
    "acc":0.5079365079,
    "recall_macro":0.3683229814,
    "precision_macro":0.3161820579,
    "f1_macro":0.3088631716,
    "precision_micro":0.5079365079,
    "recall_micro":0.5079365079,
    "f1_micro":0.5079365079
}