{
    "acc":0.5317460317,
    "recall_macro":0.2560632949,
    "precision_macro":0.2430494263,
    "f1_macro":0.2319849329,
    "precision_micro":0.5317460317,
    "recall_micro":0.5317460317,
    "f1_micro":0.5317460317
}