{
    "acc":0.5158730159,
    "recall_macro":0.2458592133,
    "precision_macro":0.2474702381,
    "f1_macro":0.2205128205,
    "precision_micro":0.5158730159,
    "recall_micro":0.5158730159,
    "f1_micro":0.5158730159
}