{
    "acc":0.5317460317,
    "recall_macro":0.2516267377,
    "precision_macro":0.2438679245,
    "f1_macro":0.2211607143,
    "precision_micro":0.5317460317,
    "recall_micro":0.5317460317,
    "f1_micro":0.5317460317
}