{
    "acc":0.4920634921,
    "recall_macro":0.2843241644,
    "precision_macro":0.3067139001,
    "f1_macro":0.2810365854,
    "precision_micro":0.4920634921,
    "recall_micro":0.4920634921,
    "f1_micro":0.4920634921
}