{
    "acc":0.5079365079,
    "recall_macro":0.2422360248,
    "precision_macro":0.2329081633,
    "f1_macro":0.2213833203,
    "precision_micro":0.5079365079,
    "recall_micro":0.5079365079,
    "f1_micro":0.5079365079
}