{
    "acc":0.5238095238,
    "recall_macro":0.2568766637,
    "precision_macro":0.245553539,
    "f1_macro":0.2415572233,
    "precision_micro":0.5238095238,
    "recall_micro":0.5238095238,
    "f1_micro":0.5238095238
}