{
    "acc":0.5158730159,
    "recall_macro":0.2473380657,
    "precision_macro":0.2615864528,
    "f1_macro":0.2302489177,
    "precision_micro":0.5158730159,
    "recall_micro":0.5158730159,
    "f1_micro":0.5158730159
}