{
    "acc":0.5396825397,
    "recall_macro":0.2567287785,
    "precision_macro":0.2565749235,
    "f1_macro":0.2260358146,
    "precision_micro":0.5396825397,
    "recall_micro":0.5396825397,
    "f1_micro":0.5396825397
}