{
    "acc":0.5158730159,
    "recall_macro":0.3314847678,
    "precision_macro":0.2943249701,
    "f1_macro":0.298448668,
    "precision_micro":0.5158730159,
    "recall_micro":0.5158730159,
    "f1_micro":0.5158730159
}