{
    "acc":0.5,
    "recall_macro":0.2430493937,
    "precision_macro":0.2440217391,
    "f1_macro":0.2321638409,
    "precision_micro":0.5,
    "recall_micro":0.5,
    "f1_micro":0.5
}