{
    "acc":0.5476190476,
    "recall_macro":0.3489352263,
    "precision_macro":0.3161231884,
    "f1_macro":0.3130296756,
    "precision_micro":0.5476190476,
    "recall_micro":0.5476190476,
    "f1_micro":0.5476190476
}