{
    "acc":0.4761904762,
    "recall_macro":0.2262644188,
    "precision_macro":0.2274133663,
    "f1_macro":0.2049773756,
    "precision_micro":0.4761904762,
    "recall_micro":0.4761904762,
    "f1_micro":0.4761904762
}