{
    "acc":0.5158730159,
    "recall_macro":0.2907571724,
    "precision_macro":0.2768976898,
    "f1_macro":0.2653643547,
    "precision_micro":0.5158730159,
    "recall_micro":0.5158730159,
    "f1_micro":0.5158730159
}