{
    "acc":0.5476190476,
    "recall_macro":0.2544365572,
    "precision_macro":0.2934782609,
    "f1_macro":0.2071256039,
    "precision_micro":0.5476190476,
    "recall_micro":0.5476190476,
    "f1_micro":0.5476190476
}