{
    "acc":0.4920634921,
    "recall_macro":0.3176574978,
    "precision_macro":0.2746376812,
    "f1_macro":0.2600414079,
    "precision_micro":0.4920634921,
    "recall_micro":0.4920634921,
    "f1_micro":0.4920634921
}