{
    "acc":0.5476190476,
    "recall_macro":0.2692250813,
    "precision_macro":0.2647002673,
    "f1_macro":0.2542010146,
    "precision_micro":0.5476190476,
    "recall_micro":0.5476190476,
    "f1_micro":0.5476190476
}