{
    "acc":0.5317460317,
    "recall_macro":0.3053978113,
    "precision_macro":0.3338394062,
    "f1_macro":0.3035162602,
    "precision_micro":0.5317460317,
    "recall_micro":0.5317460317,
    "f1_micro":0.5317460317
}