{
    "acc":0.5317460317,
    "recall_macro":0.3342945874,
    "precision_macro":0.3230956472,
    "f1_macro":0.3058288591,
    "precision_micro":0.5317460317,
    "recall_micro":0.5317460317,
    "f1_micro":0.5317460317
}