{
    "acc":0.5396825397,
    "recall_macro":0.2493345164,
    "precision_macro":0.2208333333,
    "f1_macro":0.1927849928,
    "precision_micro":0.5396825397,
    "recall_micro":0.5396825397,
    "f1_micro":0.5396825397
}