{
    "acc":0.4920634921,
    "recall_macro":0.3161786454,
    "precision_macro":0.2761815252,
    "f1_macro":0.2675061641,
    "precision_micro":0.4920634921,
    "recall_micro":0.4920634921,
    "f1_micro":0.4920634921
}