{
    "acc":0.4523809524,
    "recall_macro":0.2183525584,
    "precision_macro":0.2172756707,
    "f1_macro":0.205862304,
    "precision_micro":0.4523809524,
    "recall_micro":0.4523809524,
    "f1_micro":0.4523809524
}