{
    "acc":0.5158730159,
    "recall_macro":0.2966725821,
    "precision_macro":0.3312042432,
    "f1_macro":0.2945950469,
    "precision_micro":0.5158730159,
    "recall_micro":0.5158730159,
    "f1_micro":0.5158730159
}