{
    "acc":0.5634920635,
    "recall_macro":0.2720349009,
    "precision_macro":0.2754468719,
    "f1_macro":0.2478151261,
    "precision_micro":0.5634920635,
    "recall_micro":0.5634920635,
    "f1_micro":0.5634920635
}