{
    "acc":0.5317460317,
    "recall_macro":0.3357734398,
    "precision_macro":0.3025728383,
    "f1_macro":0.2889037433,
    "precision_micro":0.5317460317,
    "recall_micro":0.5317460317,
    "f1_micro":0.5317460317
}