{
    "acc":0.5476190476,
    "recall_macro":0.2588731145,
    "precision_macro":0.264380531,
    "f1_macro":0.2222572509,
    "precision_micro":0.5476190476,
    "recall_micro":0.5476190476,
    "f1_micro":0.5476190476
}