{
    "acc":0.4603174603,
    "recall_macro":0.2249334516,
    "precision_macro":0.2333333333,
    "f1_macro":0.2185109638,
    "precision_micro":0.4603174603,
    "recall_micro":0.4603174603,
    "f1_micro":0.4603174603
}