{
    "acc":0.5476190476,
    "recall_macro":0.3879177758,
    "precision_macro":0.4404761905,
    "f1_macro":0.3778735632,
    "precision_micro":0.5476190476,
    "recall_micro":0.5476190476,
    "f1_micro":0.5476190476
}