{
    "acc":0.5158730159,
    "recall_macro":0.2473380657,
    "precision_macro":0.2410891089,
    "f1_macro":0.2256180733,
    "precision_micro":0.5158730159,
    "recall_micro":0.5158730159,
    "f1_micro":0.5158730159
}