{
    "acc":0.8162846021,
    "recall_macro":0.8162794102,
    "precision_macro":0.8162769694,
    "f1_macro":0.8162781039,
    "precision_micro":0.8162846021,
    "recall_micro":0.8162846021,
    "f1_micro":0.8162846021
}