{
    "acc":0.5238095238,
    "recall_macro":0.3800059154,
    "precision_macro":0.3579589094,
    "f1_macro":0.3391053391,
    "precision_micro":0.5238095238,
    "recall_micro":0.5238095238,
    "f1_micro":0.5238095238
}