{
    "acc":0.5158730159,
    "recall_macro":0.3314847678,
    "precision_macro":0.2929473908,
    "f1_macro":0.2836805556,
    "precision_micro":0.5158730159,
    "recall_micro":0.5158730159,
    "f1_micro":0.5158730159
}