{
    "acc":0.4920634921,
    "recall_macro":0.3610766046,
    "precision_macro":0.3089063582,
    "f1_macro":0.2999438833,
    "precision_micro":0.4920634921,
    "recall_micro":0.4920634921,
    "f1_micro":0.4920634921
}