{
    "acc":0.5158730159,
    "recall_macro":0.328527063,
    "precision_macro":0.3034194529,
    "f1_macro":0.2954973707,
    "precision_micro":0.5158730159,
    "recall_micro":0.5158730159,
    "f1_micro":0.5158730159
}