{
    "acc":0.5,
    "recall_macro":0.3372818693,
    "precision_macro":0.3153258778,
    "f1_macro":0.3149374232,
    "precision_micro":0.5,
    "recall_micro":0.5,
    "f1_micro":0.5
}