{
    "acc":0.5158730159,
    "recall_macro":0.2502957705,
    "precision_macro":0.2697368421,
    "f1_macro":0.2401466949,
    "precision_micro":0.5158730159,
    "recall_micro":0.5158730159,
    "f1_micro":0.5158730159
}