{
    "acc":0.4841269841,
    "recall_macro":0.3618899734,
    "precision_macro":0.3475378788,
    "f1_macro":0.3334860203,
    "precision_micro":0.4841269841,
    "recall_micro":0.4841269841,
    "f1_micro":0.4841269841
}