{
    "acc":0.5555555556,
    "recall_macro":0.2654540077,
    "precision_macro":0.2947552448,
    "f1_macro":0.2377004866,
    "precision_micro":0.5555555556,
    "recall_micro":0.5555555556,
    "f1_micro":0.5555555556
}