{
    "acc":0.4761904762,
    "recall_macro":0.3118899734,
    "precision_macro":0.2703335832,
    "f1_macro":0.2598290598,
    "precision_micro":0.4761904762,
    "recall_micro":0.4761904762,
    "f1_micro":0.4761904762
}