{
    "acc":0.4682539683,
    "recall_macro":0.2719757468,
    "precision_macro":0.2588854382,
    "f1_macro":0.248136646,
    "precision_micro":0.4682539683,
    "recall_micro":0.4682539683,
    "f1_micro":0.4682539683
}