{
    "acc":0.4841269841,
    "recall_macro":0.2269299024,
    "precision_macro":0.2152725915,
    "f1_macro":0.1979557389,
    "precision_micro":0.4841269841,
    "recall_micro":0.4841269841,
    "f1_micro":0.4841269841
}