{
    "acc":0.4603174603,
    "recall_macro":0.2204968944,
    "precision_macro":0.2061889973,
    "f1_macro":0.2013057219,
    "precision_micro":0.4603174603,
    "recall_micro":0.4603174603,
    "f1_micro":0.4603174603
}