{
    "acc":0.5158730159,
    "recall_macro":0.3329636202,
    "precision_macro":0.2977272727,
    "f1_macro":0.3040544626,
    "precision_micro":0.5158730159,
    "recall_micro":0.5158730159,
    "f1_micro":0.5158730159
}