{
    "acc":0.4761904762,
    "recall_macro":0.2321798285,
    "precision_macro":0.2362707535,
    "f1_macro":0.2260458839,
    "precision_micro":0.4761904762,
    "recall_micro":0.4761904762,
    "f1_micro":0.4761904762
}