{
    "acc":0.5158730159,
    "recall_macro":0.2547323277,
    "precision_macro":0.243136582,
    "f1_macro":0.2407592025,
    "precision_micro":0.5158730159,
    "recall_micro":0.5158730159,
    "f1_micro":0.5158730159
}