{
    "acc":0.5476190476,
    "recall_macro":0.2692250813,
    "precision_macro":0.2827184892,
    "f1_macro":0.2569444444,
    "precision_micro":0.5476190476,
    "recall_micro":0.5476190476,
    "f1_micro":0.5476190476
}