{
    "acc":0.5079365079,
    "recall_macro":0.2481514345,
    "precision_macro":0.2497909699,
    "f1_macro":0.2379296066,
    "precision_micro":0.5079365079,
    "recall_micro":0.5079365079,
    "f1_micro":0.5079365079
}