{
    "acc":0.5158730159,
    "recall_macro":0.3270482106,
    "precision_macro":0.2992424242,
    "f1_macro":0.2974635693,
    "precision_micro":0.5158730159,
    "recall_micro":0.5158730159,
    "f1_micro":0.5158730159
}