{
    "acc":0.5,
    "recall_macro":0.2430493937,
    "precision_macro":0.2365979381,
    "f1_macro":0.2272061218,
    "precision_micro":0.5,
    "recall_micro":0.5,
    "f1_micro":0.5
}