{
    "acc":0.5079365079,
    "recall_macro":0.3698018338,
    "precision_macro":0.3261136713,
    "f1_macro":0.3238095238,
    "precision_micro":0.5079365079,
    "recall_micro":0.5079365079,
    "f1_micro":0.5079365079
}