{
    "acc":0.5555555556,
    "recall_macro":0.3540372671,
    "precision_macro":0.3290861514,
    "f1_macro":0.3254127166,
    "precision_micro":0.5555555556,
    "recall_micro":0.5555555556,
    "f1_micro":0.5555555556
}