{
    "acc":0.4920634921,
    "recall_macro":0.234989648,
    "precision_macro":0.2415865385,
    "f1_macro":0.2128056914,
    "precision_micro":0.4920634921,
    "recall_micro":0.4920634921,
    "f1_micro":0.4920634921
}