{
    "acc":0.5158730159,
    "recall_macro":0.3734250222,
    "precision_macro":0.3319908815,
    "f1_macro":0.3266826709,
    "precision_micro":0.5158730159,
    "recall_micro":0.5158730159,
    "f1_micro":0.5158730159
}