{
    "acc":0.4841269841,
    "recall_macro":0.3110766046,
    "precision_macro":0.2815191388,
    "f1_macro":0.2823097119,
    "precision_micro":0.4841269841,
    "recall_micro":0.4841269841,
    "f1_micro":0.4841269841
}