{
    "acc":0.5555555556,
    "recall_macro":0.2698905649,
    "precision_macro":0.271039604,
    "f1_macro":0.2509942005,
    "precision_micro":0.5555555556,
    "recall_micro":0.5555555556,
    "f1_micro":0.5555555556
}