{
    "acc":0.5079365079,
    "recall_macro":0.3234250222,
    "precision_macro":0.2728999724,
    "f1_macro":0.2750496846,
    "precision_micro":0.5079365079,
    "recall_micro":0.5079365079,
    "f1_micro":0.5079365079
}