{
    "acc":0.4841269841,
    "recall_macro":0.3140343094,
    "precision_macro":0.2651098901,
    "f1_macro":0.2584695674,
    "precision_micro":0.4841269841,
    "recall_micro":0.4841269841,
    "f1_micro":0.4841269841
}