{
    "acc":0.4523809524,
    "recall_macro":0.257335108,
    "precision_macro":0.2432133838,
    "f1_macro":0.2363705739,
    "precision_micro":0.4523809524,
    "recall_micro":0.4523809524,
    "f1_micro":0.4523809524
}