{
    "acc":0.5079365079,
    "recall_macro":0.2496302869,
    "precision_macro":0.2463054187,
    "f1_macro":0.2394230769,
    "precision_micro":0.5079365079,
    "recall_micro":0.5079365079,
    "f1_micro":0.5079365079
}