{
    "acc":0.5,
    "recall_macro":0.2386128364,
    "precision_macro":0.2401960784,
    "f1_macro":0.2167729931,
    "precision_micro":0.5,
    "recall_micro":0.5,
    "f1_micro":0.5
}