{
    "acc":0.5079365079,
    "recall_macro":0.2422360248,
    "precision_macro":0.2620192308,
    "f1_macro":0.2202954399,
    "precision_micro":0.5079365079,
    "recall_micro":0.5079365079,
    "f1_micro":0.5079365079
}